#star_name	spectral_type	m_M	m_M_err	app_mag_J	app_mag_J_err	app_mag_H	app_mag_H_err	app_mag_K	app_mag_K_err	app_mag_3.6	app_mag_3.6_err	app_mag_4.5	app_mag_4.5_err	app_mag_5.8	app_mag_5.8_err	app_mag_8.0	app_mag_8.0_err
[HB88]_M18                  	M8.5	1.7	0.4	13.43	3	12.77	3	12.37	3	-9999	-9999	-9999	-9999	-9999	-9999	-9999	-9999
[HB88]_M20                  	-99.9	2.1	1.2	14.31	3	13.6	2	13.16	3	-9999	-9999	-9999	-9999	-9999	-9999	-9999	-9999
2MASSW_J1207334-393254b     	L1.0	3.59	0.05	20	20	18.09	21	16.93	11	-9999	-9999	-9999	-9999	-9999	-9999	-9999	-9999
2MASP_J0345432+254023       	L0.0	2.153	0.029	14	3	13.21	3	12.67	2	-9999	-9999	-9999	-9999	-9999	-9999	-9999	-9999
2MASS_J00501994-3322402     	T7.0	0.12	0.06	15.93	7	15.84	19	15.24	19	14.82	5	13.57	3	13.32	17	13	22
2MASS_J01490895+2956131     	M9.5	1.76	0.03	13.45	2	12.58	3	11.98	2	-9999	-9999	-9999	-9999	-9999	-9999	-9999	-9999
2MASS_J06411840-4322329     	L1.5	1.27	0.23	13.75	3	12.94	3	12.45	3	-9999	-9999	-9999	-9999	-9999	-9999	-9999	-9999
2MASS_J07193188-5051410     	L0.0	2.44	0.16	14.09	3	13.28	4	12.77	3	-9999	-9999	-9999	-9999	-9999	-9999	-9999	-9999
2MASS_J08354256-0819237     	L5.0	-0.35	0.21	13.17	2	11.94	2	11.14	2	-9999	-9999	-9999	-9999	-9999	-9999	-9999	-9999
2MASS_J09393548-2448279                          	T8.0	-1.36	0.05	-9999	-9999	-9999	-9999	-9999	-9999	13.76	2	11.66	2	12.96	3	11.89	3
2MASS_J10043929-3335189     	L4.0	1.3	0.22	14.48	4	13.49	4	12.92	2	-9999	-9999	-9999	-9999	-9999	-9999	-9999	-9999
2MASS_J10185879-2909535     	L1.0	2.26	0.2	14.21	3	13.42	2	12.8	2	-9999	-9999	-9999	-9999	-9999	-9999	-9999	-9999
2MASS_J11145133-2618235                          	T7.5	-1.267	0.017	-9999	-9999	-9999	-9999	-9999	-9999	14.01	5	12.23	3	13.22	17	12.25	22
2MASS_J12373919+6526148                          	T7.0	0.09	0.11	-9999	-9999	-9999	-9999	-9999	-9999	14.39	3	12.93	3	13.42	6	12.78	11
2MASS_J13204159+0957506     	M7.5	2.93	0.14	13.73	3	13.08	3	12.61	3	-9999	-9999	-9999	-9999	-9999	-9999	-9999	-9999
2MASS_J13204427+0409045     	L3.0	2.45	0.06	15.25	5	14.3	3	13.62	5	-9999	-9999	-9999	-9999	-9999	-9999	-9999	-9999
2MASS_J15462718-3325111     	T5.5	0.28	0.05	15.63	5	15.45	9	15.48	18	-9999	-9999	-9999	-9999	-9999	-9999	-9999	-9999
2MASS_J17502484-0016151     	L5.5	-0.18	0.05	13.29	2	12.41	2	11.85	2	-9999	-9999	-9999	-9999	-9999	-9999	-9999	-9999
2MASS_J23062928-0502285     	M7.5	0.42	0.07	11.35	2	10.72	2	10.3	2	-9999	-9999	-9999	-9999	-9999	-9999	-9999	-9999
2MASSI_J0003422-282241      	M7.5	2.95	0.08	13.07	2	12.38	3	11.97	3	-9999	-9999	-9999	-9999	-9999	-9999	-9999	-9999
2MASSI_J0243137-245329      	T6.0	0.14	0.08	15.38	5	15.14	11	15.22	17	13.9	3	12.95	4	12.71	5	12.27	5
2MASSI_J0328426+230205      	L8.0	2.4	0.28	16.69	14	15.55	12	14.92	11	-9999	-9999	-9999	-9999	-9999	-9999	-9999	-9999
2MASSI_J0415195-093506      	T8.0	-1.218	0.021	15.69	6	15.54	11	15.43	20	14.1	4	12.29	3	12.87	7	12.11	5
2MASSI_J0559191-140448      	T5.0	0.075	0.022	13.8	2	13.68	4	13.58	5	12.67	3	11.93	3	11.73	3	11.42	3
2MASSI_J0727182+171001      	T8.0	-0.256	0.017	15.6	6	15.76	17	15.56	19	14.41	3	13.01	3	13.24	6	12.64	11
2MASSI_J0825196+211552      	L7.5	0.139	0.023	15.1	3	13.79	3	13.03	3	11.7	3	11.59	3	11.16	3	10.93	3
2MASSI_J0937347+293142      	T7.0	-1.066	0.023	14.65	4	14.7	7	15.27	13	13.1	4	11.64	5	12.32	3	11.73	5
2MASSI_J1047538+212423                           	T7.0	0.12	0.09	-9999	-9999	-9999	-9999	-9999	-9999	14.39	6	12.95	5	13.52	7	12.91	10
2MASSI_J1217110-031113                           	T7.0	0.21	0.05	-9999	-9999	-9999	-9999	-9999	-9999	14.19	4	13.23	3	13.34	7	12.95	18
2MASSI_J1711457+223204      	L6.5	2.4	0.3	17.09	18	15.8	11	14.73	10	-9999	-9999	-9999	-9999	-9999	-9999	-9999	-9999
2MASSI_J1835379+325954      	M8.5	-1.234	0.006	10.27	2	9.62	2	9.17	2	8.55	2	8.55	1	8.39	1	8.29	1
2MASSI_J2356547-155310      	T5.5	0.81	0.11	15.82	6	15.63	10	15.77	18	14.69	4	13.69	3	13.57	8	13.21	17
2MASSW_J0030300-145033      	L7.0	2.13	0.27	16.28	11	15.27	10	14.48	10	-9999	-9999	-9999	-9999	-9999	-9999	-9999	-9999
2MASSW_J0036159+182110      	L3.5	-0.288	0.015	12.47	3	11.59	3	11.06	2	10.19	3	10.24	3	10.1	3	10.06	3
2MASSW_J0326137+295015      	L3.5	2.54	0.11	15.48	5	14.4	5	13.84	5	-9999	-9999	-9999	-9999	-9999	-9999	-9999	-9999
2MASSW_J1200329+204851      	M7.0	2.4	0.8	12.86	2	12.26	2	11.86	2	-9999	-9999	-9999	-9999	-9999	-9999	-9999	-9999
2MASSW_J1207334-393254      	M8.0	3.59	0.05	13	3	12.39	3	11.95	3	-9999	-9999	-9999	-9999	-9999	-9999	-9999	-9999
2MASSW_J1328550+211449      	L5.0	2.54	0.27	16.19	11	15	8	14.27	8	-9999	-9999	-9999	-9999	-9999	-9999	-9999	-9999
2MASSW_J1439284+192915      	L1.0	0.787	0.016	12.76	2	12.04	2	11.55	2	10.91	2	10.93	3	10.82	3	10.67	2
2MASSW_J1503196+252519      	T6.0	-0.98	0.03	13.94	2	13.86	3	13.96	6	-9999	-9999	-9999	-9999	-9999	-9999	-9999	-9999
2MASSW_J1507476-162738      	L5.0	-0.674	0.01	12.83	3	11.9	2	11.31	3	10.27	3	10.4	3	10.14	3	9.99	3
2MASSW_J1632291+190441      	L8.0	0.92	0.07	15.87	7	14.61	4	14	5	12.7	3	12.65	3	12.24	5	12	5
2MASSW_J1658037+702701      	L1.0	1.342	0.028	13.29	2	12.47	3	11.91	2	-9999	-9999	-9999	-9999	-9999	-9999	-9999	-9999
2MASSW_J2224438-015852      	L4.5	0.323	0.028	14.07	3	12.82	3	12.02	2	11.05	3	11.14	3	10.85	3	10.81	3
AB_Pic_b                    	L0.5	3.32	0.07	16.18	10	14.69	10	14.14	8	-9999	-9999	-9999	-9999	-9999	-9999	-9999	-9999
APMPM_J2330-4737            	M6.0	0.69	0.1	11.23	2	10.64	3	10.28	2	-9999	-9999	-9999	-9999	-9999	-9999	-9999	-9999
APMPM_J2331-2750            	M7.5	0.8	0.06	11.65	2	11.06	3	10.65	3	-9999	-9999	-9999	-9999	-9999	-9999	-9999	-9999
APMPM_J2344-2906            	M6.5	2.5	0.3	13.26	3	12.75	2	12.43	3	-9999	-9999	-9999	-9999	-9999	-9999	-9999	-9999
APMPM_J2354-3316C           	M8.5	1.77	0.09	13.05	2	12.36	3	11.88	2	-9999	-9999	-9999	-9999	-9999	-9999	-9999	-9999
APMPM_J2359-6246            	-99.9	1.59	0.1	11.39	3	10.83	2	10.52	2	-9999	-9999	-9999	-9999	-9999	-9999	-9999	-9999
BRI_0021-0214               	M9.5	0.31	0.1	11.99	4	11.08	2	10.54	2	9.94	3	9.91	3	9.72	3	9.55	3
BRI_B0246-1703              	M8.0	1.05	0.19	12.55	2	11.87	2	11.42	2	-9999	-9999	-9999	-9999	-9999	-9999	-9999	-9999
BRI_B1222-1222              	M9.0	1.16	0.14	12.57	2	11.82	3	11.35	3	-9999	-9999	-9999	-9999	-9999	-9999	-9999	-9999
CE_507                      	M6.0	0.92	0.08	10.73	3	10.14	3	9.83	2	-9999	-9999	-9999	-9999	-9999	-9999	-9999	-9999
CTI_012657.5+280202         	M8.5	2.58	0.04	14.04	3	13.36	3	12.86	3	-9999	-9999	-9999	-9999	-9999	-9999	-9999	-9999
DENIS_J081730.0-615520      	T6.0	-1.54	0.14	13.61	2	13.53	3	13.52	4	-9999	-9999	-9999	-9999	-9999	-9999	-9999	-9999
DENIS-P_J0255.0-4700        	L8.0	-1.52	0.04	13.25	3	12.2	2	11.56	2	10.29	2	10.2	2	9.89	1	9.61	1
DENIS-P_J0909.9-0658        	L0.0	1.86	0.22	13.89	2	13.09	2	12.54	3	-9999	-9999	-9999	-9999	-9999	-9999	-9999	-9999
DENIS-P_J1058.7-1548        	L3.0	1.19	0.04	14.15	4	13.23	3	12.53	3	11.76	3	11.77	3	11.6	3	11.5	3
DENIS-P_J153941.9-052042    	L4.0	0.95	0.12	13.92	3	13.06	3	12.57	3	-9999	-9999	-9999	-9999	-9999	-9999	-9999	-9999
DENIS-P_J170548.3-051645    	L0.5	1.8	0.7	13.31	3	12.55	2	12.03	2	-9999	-9999	-9999	-9999	-9999	-9999	-9999	-9999
epsilon_Ind_Ba              	T1.0	-2.205	0.002	12.29	2	11.51	2	11.35	2	-9999	-9999	-9999	-9999	-9999	-9999	-9999	-9999
epsilon_Ind_Bb              	T6.0	-2.205	0.002	13.23	3	13.2	3	13.48	2	-9999	-9999	-9999	-9999	-9999	-9999	-9999	-9999
ESO_207-61                  	M9.0	1.33	0.18	13.23	3	12.54	3	12.1	3	-9999	-9999	-9999	-9999	-9999	-9999	-9999	-9999
G_216-7B                    	M9.5	1.45	0.07	13.34	2	12.69	2	12.18	2	-9999	-9999	-9999	-9999	-9999	-9999	-9999	-9999
GD_165B                     	L4.0	2.49	0.17	15.69	8	14.78	7	14.17	10	-9999	-9999	-9999	-9999	-9999	-9999	-9999	-9999
GJ_1048B	L1.0	1.64	0.04	-99.9	-9.9	12.73	20	12.19	8	-9999	-9999	-9999	-9999	-9999	-9999	-9999	-9999
GJ_1245B                    	M6.0	-1.714	0.015	8.27	3	7.73	3	7.39	2	-9999	-9999	-9999	-9999	-9999	-9999	-9999	-9999
GJ_618.1B                   	L2.5	2.62	0.2	15.28	5	14.35	4	13.6	4	-9999	-9999	-9999	-9999	-9999	-9999	-9999	-9999
GJ_660.1B                   	-99.9	1.5	0.16	13.05	5	12.56	2	12.23	3	-9999	-9999	-9999	-9999	-9999	-9999	-9999	-9999
Gl_570D                     	T7.0	-1.168	0.012	15.32	5	15.27	9	15.24	16	13.8	5	12.12	3	12.77	11	11.97	7
Gl_584C                     	L8.0	1.26	0.03	16.06	10	14.93	8	14.35	7	-9999	-9999	-9999	-9999	-9999	-9999	-9999	-9999
Gl_802B                     	-99.9	0.99	0.04	14.75	27	14.13	9	13.61	8	-9999	-9999	-9999	-9999	-9999	-9999	-9999	-9999
GRH_2208-20                 	M7.5	3.04	0.04	14	3	13.5	3	13.15	4	-9999	-9999	-9999	-9999	-9999	-9999	-9999	-9999
HB_2124-4228                	M7.5	2.7	0.5	13.32	2	12.66	3	12.19	2	-9999	-9999	-9999	-9999	-9999	-9999	-9999	-9999
HD_1160B	-99.9	5.07	0.1	15.83	10	14.65	8	14.12	6	-9999	-9999	-9999	-9999	-9999	-9999	-9999	-9999
HD_3651B                                         	T7.5	0.219	0.008	-9999	-9999	-9999	-9999	-9999	-9999	15.38	4	13.62	2	14.04	12	13.45	14
HD_46588B                   	L9.0	1.261	0.01	16.26	9	15.08	7	14.6	9	-9999	-9999	-9999	-9999	-9999	-9999	-9999	-9999
HD_49197B                   	L4.0	3.26	0.06	15.92	12	14.62	12	14.29	11	-9999	-9999	-9999	-9999	-9999	-9999	-9999	-9999
HD_89744B                   	L0.0	2.979	0.027	14.9	4	14.02	3	13.61	4	-9999	-9999	-9999	-9999	-9999	-9999	-9999	-9999
HIP_38939B                  	T4.5	1.34	0.04	16.12	8	15.8	13	16.09	8	-9999	-9999	-9999	-9999	-9999	-9999	-9999	-9999
HN_Peg_B                    	T2.5	1.262	0.017	16.7	16	15.55	11	15.63	25	13.72	4	13.39	2	13.08	10	12.58	11
HR_7672B                    	L4.0	1.248	0.014	-99.9	-9.9	14.04	14	13.04	10	-9999	-9999	-9999	-9999	-9999	-9999	-9999	-9999
L_726-8A                    	M5.5	-2.87	0.023	6.86	2	6.3	3	5.91	4	-9999	-9999	-9999	-9999	-9999	-9999	-9999	-9999
L_726-8B                    	M6.0	-2.87	0.023	7.24	3	6.6	3	6.31	5	-9999	-9999	-9999	-9999	-9999	-9999	-9999	-9999
LHS_1070A                   	M6.0	-0.56	0.04	9.98	4	9.31	4	9.07	4	-9999	-9999	-9999	-9999	-9999	-9999	-9999	-9999
LHS_1604                    	M8.0	0.83	0.06	11.3	2	10.61	2	10.23	2	-9999	-9999	-9999	-9999	-9999	-9999	-9999	-9999
LHS_191                     	M6.5	1.17	0.07	11.62	2	11.07	2	10.69	2	-9999	-9999	-9999	-9999	-9999	-9999	-9999	-9999
LHS_197                     	M6.0	1.41	0.04	11.56	2	11.06	4	10.76	2	-9999	-9999	-9999	-9999	-9999	-9999	-9999	-9999
LHS_2021                    	M6.5	1.12	0.17	11.89	2	11.16	2	10.76	2	10.32	2	10.35	1	10.24	1	10.2	1
LHS_2026                    	M6.0	1.471	0.026	12.03	2	11.48	2	11.14	2	-9999	-9999	-9999	-9999	-9999	-9999	-9999	-9999
LHS_2065                    	M9.0	-0.347	0.028	11.21	3	10.47	3	9.94	2	9.41	3	9.39	3	9.22	3	9.13	3
LHS_207                     	M6.0	1.73	0.07	12.14	2	11.64	3	11.33	2	-9999	-9999	-9999	-9999	-9999	-9999	-9999	-9999
LHS_2314                    	M6.0	1.93	0.12	12.53	2	11.97	2	11.6	2	-9999	-9999	-9999	-9999	-9999	-9999	-9999	-9999
LHS_234                     	M6.5	-0.15	0.03	10.15	2	9.63	2	9.29	2	-9999	-9999	-9999	-9999	-9999	-9999	-9999	-9999
LHS_2351                    	M6.0	1.59	0.14	12.33	2	11.72	3	11.33	2	-9999	-9999	-9999	-9999	-9999	-9999	-9999	-9999
LHS_2471                    	M6.5	0.76	0.08	11.26	2	10.66	3	10.26	2	-9999	-9999	-9999	-9999	-9999	-9999	-9999	-9999
LHS_248                     	M6.5	-2.203	0.024	8.23	2	7.62	2	7.26	2	6.84	2	6.84	4	6.76	5	6.74	1
LHS_2919                    	M7.5	0.41	0.11	11.01	2	10.39	2	10.03	2	-9999	-9999	-9999	-9999	-9999	-9999	-9999	-9999
LHS_292                     	M6.5	-1.71	0.04	8.86	2	8.26	4	7.93	3	7.51	3	7.51	3	7.46	3	7.42	3
LHS_2924                    	M9.0	0.21	0.03	11.99	2	11.23	3	10.74	2	10.16	3	10.16	3	9.97	3	9.81	3
LHS_2930                    	M6.5	-0.081	0.029	10.79	2	10.14	2	9.79	2	-9999	-9999	-9999	-9999	-9999	-9999	-9999	-9999
LHS_3003                    	M7.0	-1.01	0.07	9.97	3	9.31	2	8.93	3	8.47	3	8.49	3	8.39	3	8.36	3
LHS_3241                    	M6.5	0.371	0.02	10.53	2	9.97	2	9.61	2	-9999	-9999	-9999	-9999	-9999	-9999	-9999	-9999
LHS_330                     	M6.0	2.01	0.06	12.2	2	11.7	2	11.37	2	-9999	-9999	-9999	-9999	-9999	-9999	-9999	-9999
LHS_3406                    	M8.0	0.753	0.025	11.31	2	10.69	2	10.31	2	-9999	-9999	-9999	-9999	-9999	-9999	-9999	-9999
LHS_523                     	M6.5	0.26	0.12	10.77	2	10.22	3	9.84	2	-9999	-9999	-9999	-9999	-9999	-9999	-9999	-9999
LP_261-75B                  	L6.0	4	1.3	17.23	21	15.9	14	15.14	13	-9999	-9999	-9999	-9999	-9999	-9999	-9999	-9999
LP_335-12                   	M6.5	0.5	0.05	11.01	2	10.38	3	10.01	2	-9999	-9999	-9999	-9999	-9999	-9999	-9999	-9999
LP_368-128                  	M6.0	-0.98	0.04	9.44	2	8.84	2	8.44	2	-9999	-9999	-9999	-9999	-9999	-9999	-9999	-9999
LP_397-10                   	M6.0	1.57	0.05	11.78	2	11.3	2	10.83	2	-9999	-9999	-9999	-9999	-9999	-9999	-9999	-9999
LP_412-31                   	M8.0	0.809	0.019	11.76	2	11.07	2	10.64	2	-9999	-9999	-9999	-9999	-9999	-9999	-9999	-9999
LP_423-31                   	M7.0	1.32	0.04	10.88	2	10.2	2	9.85	2	-9999	-9999	-9999	-9999	-9999	-9999	-9999	-9999
LP_44-162                   	M7.5	1.4	0.05	11.45	2	10.84	2	10.4	2	-9999	-9999	-9999	-9999	-9999	-9999	-9999	-9999
LP_44-334                   	M6.5	1.13	0.08	10.97	2	10.38	2	10.01	2	-9999	-9999	-9999	-9999	-9999	-9999	-9999	-9999
LP_460-44                   	M7.0	1.81	0.18	12.39	2	11.77	2	11.36	2	-9999	-9999	-9999	-9999	-9999	-9999	-9999	-9999
LP_944-20                   	M9.0	-1.52	0.05	10.73	2	10.02	2	9.55	2	8.87	3	8.79	1	8.59	1	8.42	1
LSPM_J0330+5413             	-99.9	-0.081	0.029	10.17	2	9.6	2	9.28	2	-9999	-9999	-9999	-9999	-9999	-9999	-9999	-9999
LSPM_J2124+4003             	M6.5	0.88	0.04	10.34	2	9.74	3	9.43	3	-9999	-9999	-9999	-9999	-9999	-9999	-9999	-9999
LSPM_J2158+6117             	M6.0	1.14	0.08	11.29	3	10.78	3	10.45	2	-9999	-9999	-9999	-9999	-9999	-9999	-9999	-9999
LSR_J0011+5908              	M6.5	-0.173	0.028	9.94	2	9.39	3	9.09	2	-9999	-9999	-9999	-9999	-9999	-9999	-9999	-9999
LSR_J0510+2713              	M8.0	-0.02	0.03	10.7	2	9.97	2	9.56	2	-9999	-9999	-9999	-9999	-9999	-9999	-9999	-9999
LSR_J0515+5911              	M7.5	0.91	0.04	11.32	3	10.66	2	10.32	2	-9999	-9999	-9999	-9999	-9999	-9999	-9999	-9999
PC_0025+0447                	M9.5	4.3	0.26	16.19	9	15.29	10	14.96	12	-9999	-9999	-9999	-9999	-9999	-9999	-9999	-9999
Proxima_Cen                 	M5.5	-4.432	0.002	5.36	2	4.84	6	4.38	3	-9999	-9999	-9999	-9999	-9999	-9999	-9999	-9999
PSO_J043.5395+02.3995       	T8.0	-1.2	0.6	16.43	12	16.47	12	16.69	12	-9999	-9999	-9999	-9999	-9999	-9999	-9999	-9999
PZ_Tel_B                    	-99.9	3.56	0.11	12.26	14	11.87	10	11.42	15	-9999	-9999	-9999	-9999	-9999	-9999	-9999	-9999
RG_0050-2722                	M8.0	1.7	0.5	13.61	3	12.98	3	12.54	3	-9999	-9999	-9999	-9999	-9999	-9999	-9999	-9999
SCR_J1845-6357A             	M8.5	-2.07	0.009	9.58	2	8.99	3	8.52	2	-9999	-9999	-9999	-9999	-9999	-9999	-9999	-9999
SCR_J1845-6357B             	T6.0	-2.07	0.009	13.26	2	13.19	3	13.69	2	-9999	-9999	-9999	-9999	-9999	-9999	-9999	-9999
SDSS_J000013.54+255418.6    	T4.5	0.75	0.06	15.06	4	14.73	7	14.84	12	13.72	3	13.07	3	12.56	9	12.5	3
SDSS_J015141.69+124429.6    	T1.0	1.65	0.16	16.57	13	15.6	11	15.18	19	14.06	3	13.91	3	13.62	11	13.34	18
SDSS_J020742.48+000056.2                         	T4.5	2.7	0.3	-9999	-9999	-9999	-9999	-9999	-9999	15.59	6	14.98	5	14.67	20	14.17	19
SDSS_J111010.01+011613.1                         	T5.5	1.42	0.05	-9999	-9999	-9999	-9999	-9999	-9999	14.71	4	13.88	3	13.43	7	13.21	16
SDSS_J141624.08+134826.7    	L6.0	-0.201	0.026	13.15	3	12.46	3	12.11	2	10.99	7	10.98	5	-99.9	-9.9	-99.9	-9.9
SDSS_J141659.78+500626.4    	L5.5	3.3	0.06	16.95	17	15.95	17	15.6	16	-9999	-9999	-9999	-9999	-9999	-9999	-9999	-9999
SDSS_J143517.20-004612.9    	L0.0	5	1.5	16.48	10	15.61	12	15.32	18	-9999	-9999	-9999	-9999	-9999	-9999	-9999	-9999
SDSS_J143535.72-004347.0    	L3.0	4	1	16.49	12	15.66	12	15.02	14	-9999	-9999	-9999	-9999	-9999	-9999	-9999	-9999
SDSS_J150411.63+102718.3                         	T7.0	1.68	0.07	-9999	-9999	-9999	-9999	-9999	-9999	15.44	3	14.01	3	14.37	4	13.76	7
SDSS_J162838.77+230821.1    	T7.0	0.622	0.026	16.46	10	16.11	15	15.87	24	15.25	3	13.86	3	14.14	5	13.55	7
SDSS_J175805.46+463311.9    	T6.5	0.74	0.06	16.15	9	16.25	22	15.47	19	-9999	-9999	-9999	-9999	-9999	-9999	-9999	-9999
SDSSp_J003259.36+141036.6   	L8.0	2.6	0.4	16.83	17	15.65	14	14.95	11	-9999	-9999	-9999	-9999	-9999	-9999	-9999	-9999
SDSSp_J010752.33+004156.1   	L8.0	0.97	0.15	15.82	6	14.51	4	13.71	4	-9999	-9999	-9999	-9999	-9999	-9999	-9999	-9999
SDSSp_J053951.99-005902.0   	L5.0	0.59	0.06	14.03	3	13.1	3	12.53	2	11.49	3	11.6	3	11.35	4	11.2	5
SDSSp_J083008.12+482847.4   	L8.0	0.58	0.1	15.44	5	14.34	4	13.68	4	-9999	-9999	-9999	-9999	-9999	-9999	-9999	-9999
SDSSp_J083717.22-000018.3                        	T0.0	2.4	1.1	-9999	-9999	-9999	-9999	-9999	-9999	14.76	3	14.6	3	14.41	13	14.22	14
SDSSp_J125453.90-012247.4   	T2.0	0.36	0.05	14.89	4	14.09	3	13.84	5	12.63	3	12.39	3	11.99	5	11.75	5
SDSSp_J132629.82-003831.5   	L8.0	1.51	0.28	16.1	7	15.05	6	14.21	7	-9999	-9999	-9999	-9999	-9999	-9999	-9999	-9999
SDSSp_J134646.45-003150.4   	T7.0	0.83	0.07	16	10	15.46	12	15.77	27	14.53	5	13.6	3	13.4	11	13.13	17
SDSSp_J144600.60+002452.0   	L6.0	1.71	0.16	15.89	8	14.51	4	13.94	5	-9999	-9999	-9999	-9999	-9999	-9999	-9999	-9999
SDSSp_J162414.37+002915.6                        	T6.0	0.207	0.029	-9999	-9999	-9999	-9999	-9999	-9999	14.3	4	13.08	3	13.25	8	12.84	9
SDSSp_J175032.96+175903.9   	T3.5	2.21	0.28	16.34	10	15.95	13	15.48	19	14.95	3	14.46	3	14.15	23	13.93	23
SDSSp_J225529.09-003433.4   	L0.0	4	0.4	15.65	6	14.76	6	14.44	8	-9999	-9999	-9999	-9999	-9999	-9999	-9999	-9999
SSSPM_J1102-3431            	M8.5	3.71	0.06	13.03	2	12.36	2	11.89	2	-9999	-9999	-9999	-9999	-9999	-9999	-9999	-9999
SSSPM_J1256-1408            	-99.9	3.63	0.22	14.01	3	13.62	3	13.44	4	-9999	-9999	-9999	-9999	-9999	-9999	-9999	-9999
Teegarden's_star            	M6.0	-2.069	0.008	8.39	3	7.88	4	7.59	5	7.12	1	7.1	2	7.05	1	7.02	1
TVLM_213-2005               	-99.9	2.607	0.029	13.39	2	12.74	2	12.26	2	-9999	-9999	-9999	-9999	-9999	-9999	-9999	-9999
TVLM_262-111511             	M8.0	2.3	0.4	14.2	3	13.51	3	13.1	4	-9999	-9999	-9999	-9999	-9999	-9999	-9999	-9999
TVLM_262-70502              	-99.9	3	0.4	14.18	3	13.47	3	13.09	3	-9999	-9999	-9999	-9999	-9999	-9999	-9999	-9999
TVLM_263-71765              	M8.0	2.48	0.2	13.36	3	12.72	2	12.32	2	-9999	-9999	-9999	-9999	-9999	-9999	-9999	-9999
TVLM_513-42404              	-99.9	2.3	0.7	14.41	3	13.76	4	13.49	4	-9999	-9999	-9999	-9999	-9999	-9999	-9999	-9999
TVLM_513-42404B             	-99.9	2.3	0.7	15.42	6	14.64	6	14.15	7	-9999	-9999	-9999	-9999	-9999	-9999	-9999	-9999
TVLM_513-46546              	M8.5	0.125	0.014	11.87	2	11.18	3	10.71	2	-9999	-9999	-9999	-9999	-9999	-9999	-9999	-9999
TVLM_513-8328               	-99.9	3.1	0.4	14.09	3	13.42	3	12.96	3	-9999	-9999	-9999	-9999	-9999	-9999	-9999	-9999
TVLM_831-154910             	-99.9	2.6	0.3	12.89	3	12.28	2	11.91	2	-9999	-9999	-9999	-9999	-9999	-9999	-9999	-9999
TVLM_831-161058             	M8.0	3.76	0.28	13.77	3	13.1	2	12.68	3	-9999	-9999	-9999	-9999	-9999	-9999	-9999	-9999
TVLM_831-165166             	-99.9	3.6	0.5	14.22	3	13.66	4	13.3	3	-9999	-9999	-9999	-9999	-9999	-9999	-9999	-9999
TVLM_832-10443              	M8.0	2.218	0.024	13.13	2	12.44	2	11.96	2	-9999	-9999	-9999	-9999	-9999	-9999	-9999	-9999
TVLM_832-42500              	M6.5	2.2	0.24	13.6	3	13.09	3	12.75	3	-9999	-9999	-9999	-9999	-9999	-9999	-9999	-9999
TVLM_868-110639             	M9.0	1.07	0.17	12.61	2	11.84	2	11.35	2	-9999	-9999	-9999	-9999	-9999	-9999	-9999	-9999
TVLM_890-60235              	M7.0	3.56	0.25	14.12	3	13.52	3	13.12	4	-9999	-9999	-9999	-9999	-9999	-9999	-9999	-9999
UGPS_J072227.51-054031.2                         	T9.0	-1.926	0.021	-9999	-9999	-9999	-9999	-9999	-9999	14.28	5	12.19	4	-99.9	-9.9	-99.9	-9.9
ULAS_J003402.77-005206.7                         	T8.5	0.82	0.04	-9999	-9999	-9999	-9999	-9999	-9999	16.28	3	14.49	3	14.82	5	13.91	6
ULAS_J133553.45+113005.2                         	T8.5	0	0.03	-9999	-9999	-9999	-9999	-9999	-9999	15.95	3	13.91	3	14.34	5	13.37	6
vB_10                       	M8.0	-1.153	0.01	9.91	3	9.23	3	8.77	2	8.29	2	8.3	3	8.15	1	8.14	0
vB_8                        	M7.0	-0.945	0.01	9.78	3	9.2	2	8.82	2	8.37	2	8.38	1	8.28	2	8.24	2
WISEP_J174124.27+255319.6   	T9.0	-1.3	0.5	16.48	2	16.24	4	16.89	20	14.43	2	12.39	2	-99.9	-9.9	-99.9	-9.9
Wolf_359                    	M6.0	-3.112	0.011	7.09	2	6.48	4	6.08	2	-9999	-9999	-9999	-9999	-9999	-9999	-9999	-9999
Wolf_940B                                        	T8.5	0.39	0.1	-9999	-9999	-9999	-9999	-9999	-9999	16.44	3	14.43	3	15.38	15	14.36	8