#PLNTNAME	JST	JST_ERR	HST	HST_ERR	KST	KST_ERR	3.6ST	3.6ST_ERR	4.5ST	4.5ST_ERR	5.8ST	5.8ST_ERR	8.0ST	8.0ST_ERR	DIST	DIST_ERR	J	J_ERR	H	H_ERR	K	K_ERR	3.6	3.6_ERR	4.5	4.5_ERR	5.8	5.8_ERR	8	8.0_ERR	RAD	RAD_ERR	APP_MAG_STAR_W	APP_MAG_STAR_W_ERR	FLUX_RATIO_W	FLUX_RATIO_W_ERR	APP_MAG_STAR_NB1	APP_MAG_STAR_NB1_ERR	FLUX_RATIO_NB1	FLUX_RATIO_NB1_ERR	APP_MAG_STAR_NB2	APP_MAG_STAR_NB2_ERR	FLUX_RATIO_NB2	FLUX_RATIO_NB2_ERR	APP_MAG_STAR_Z	APP_MAG_STAR_Z_ERR	FLUX_RATIO_Z	FLUX_RATIO_Z_ERR	H20	NA	K	ALO	H	C	O	CA	SC	MG	SI	VO	TIO	HCN	CO
COROT-1	12.462	0.029	12.218	0.026	12.149	0.027	12.12	0.12	12.114	0.095	999.9	-99.9	999.9	-99.9	787.9086512	24.17821075	-999	-999	0.145	0.049	0.336	0.042	0.415	0.042	0.482	0.042	-999	-999	-999	-999	1.49	0.08	-9999	-9999	-9999	-9999	-9999	-9999	-9999	-9999	-9999	-9999	-9999	-9999	-9999	-9999	-9999	-9999	-9999	-9999	-9999	-9999	-9999	-9999	-9999	-9999	-9999	-9999	-9999	-9999	-9999	-9999	-9999
COROT-2	10.783	0.028	10.438	0.037	10.31	0.031	10.297	0.071	10.309	0.078	999.9	-99.9	10.627	0.072	213.2830025	2.485284376	-999	-999	-999	-999	0.16	0.09	0.355	0.02	0.5	0.02	-999	-999	0.51	0.059	1.465	0.029	-9999	-9999	-9999	-9999	-9999	-9999	-9999	-9999	-9999	-9999	-9999	-9999	-9999	-9999	-9999	-9999	-9999	-9999	-9999	-9999	-9999	-9999	-9999	-9999	-9999	-9999	-9999	-9999	-9999	-9999	-9999
GJ-3470	-9999	-9999	-9999	-9999	-9999	-9999	7.807	0.027	7.783	0.02	-9999	-9999	-9999	-9999	29.42135744	0.050802546	-999	-999	-999	-999	-999	-999	0.0115	0.0027	-999	-999	-999	-999	-999	-999	0.374	0.053	-9999	-9999	-9999	-9999	-9999	-9999	-9999	-9999	-9999	-9999	-9999	-9999	-9999	-9999	-9999	-9999	-9999	-9999	-9999	-9999	-9999	-9999	-9999	-9999	-9999	-9999	-9999	-9999	-9999	-9999	-9999
GJ-436	6.9	0.024	6.319	0.023	6.073	0.016	5.889	0.031	5.836	0.023	6.277	0.062	6.265	0.023	9.753211522	0.008977701	-999	-999	-999	-999	-999	-999	0.041	0.003	-999	-999	0.033	0.014	0.054	0.008	0.38	0	-9999	-9999	-9999	-9999	-9999	-9999	-9999	-9999	-9999	-9999	-9999	-9999	-9999	-9999	-9999	-9999	-9999	-9999	-9999	-9999	-9999	-9999	-9999	-9999	-9999	-9999	-9999	-9999	-9999	-9999	-9999
HAT-P-1	9.156	0.026	8.923	0.03	8.858	0.018	8.875	0.064	8.853	0.065	9.278	0.069	9.308	0.072	158.9792775	0.977037017	-999	-999	-999	-999	0.109	0.025	0.08	0.008	0.135	0.022	0.203	0.031	0.238	0.04	1.319	0.019	-9999	-9999	-9999	-9999	-9999	-9999	-9999	-9999	-9999	-9999	-9999	-9999	-9999	-9999	-9999	-9999	-9999	-9999	-9999	-9999	-9999	-9999	-9999	-9999	-9999	-9999	-9999	-9999	-9999	-9999	-9999
HAT-P-13	-9999	-9999	-9999	-9999	-9999	-9999	8.946	0.024	8.998	0.022	-9999	-9999	-9999	-9999	246.8104363	2.227364722	-999	-999	-999	-999	-999	-999	0.0801	0.0081	0.19	0.0124	-999	-999	-999	-999	1.28	0.079	-9999	-9999	-9999	-9999	-9999	-9999	-9999	-9999	-9999	-9999	-9999	-9999	-9999	-9999	-9999	-9999	-9999	-9999	-9999	-9999	-9999	-9999	-9999	-9999	-9999	-9999	-9999	-9999	-9999	-9999	-9999
HAT-P-18	-9999	-9999	-9999	-9999	-9999	-9999	10.195	0.023	10.253	0.019	999.9	-99.9	999.9	-99.9	161.4001236	0.609392889	-999	-999	-999	-999	-999	-999	0.0437	0.0146	0.0326	0.0147	-999	-999	-999	-999	0.947	0.044	-9999	-9999	-9999	-9999	-9999	-9999	-9999	-9999	-9999	-9999	-9999	-9999	-9999	-9999	-9999	-9999	-9999	-9999	-9999	-9999	-9999	-9999	-9999	-9999	-9999	-9999	-9999	-9999	-9999	-9999	-9999
HAT-P-19	-9999	-9999	-9999	-9999	-9999	-9999	10.495	0.022	10.557	0.02	999.9	-99.9	999.9	-99.9	202.0780274	1.471441346	-999	-999	-999	-999	-999	-999	0.062	0.014	0.062	0.016	-999	-999	-999	-999	1.132	0.072	-9999	-9999	-9999	-9999	-9999	-9999	-9999	-9999	-9999	-9999	-9999	-9999	-9999	-9999	-9999	-9999	-9999	-9999	-9999	-9999	-9999	-9999	-9999	-9999	-9999	-9999	-9999	-9999	-9999	-9999	-9999
HAT-P-2	7.796	0.027	7.652	0.038	7.603	0.02	7.544	0.063	7.603	0.043	8.075	0.063	8.054	0.062	127.7736357	0.425208968	-999	-999	-999	-999	-999	-999	0.0996	0.0072	0.1031	0.0061	0.071	0.029	0.1392	0.0095	0.951	0.053	-9999	-9999	-9999	-9999	-9999	-9999	-9999	-9999	-9999	-9999	-9999	-9999	-9999	-9999	-9999	-9999	-9999	-9999	-9999	-9999	-9999	-9999	-9999	-9999	-9999	-9999	-9999	-9999	-9999	-9999	-9999
HAT-P-20	9.276	0.022	8.743	0.021	8.601	0.019	8.55	0.027	8.635	0.023	999.9	-99.9	999.9	-99.9	71.03740777	0.199390174	-999	-999	-999	-999	-999	-999	0.0615	0.0082	0.1096	0.0077	-999	-999	-999	-999	0.867	0.033	-9999	-9999	-9999	-9999	-9999	-9999	-9999	-9999	-9999	-9999	-9999	-9999	-9999	-9999	-9999	-9999	-9999	-9999	-9999	-9999	-9999	-9999	-9999	-9999	-9999	-9999	-9999	-9999	-9999	-9999	-9999
HAT-P-23	11.103	0.022	10.846	0.022	10.791	0.02	10.822	0.066	10.77	0.068	999.9	-99.9	999.9	-99.9	364.8125896	4.772627283	-999	-999	-999	-999	0.234	0.046	0.248	0.019	0.309	0.026	-999	-999	-999	-999	1.368	0.09	-9999	-9999	-9999	-9999	-9999	-9999	-9999	-9999	-9999	-9999	-9999	-9999	-9999	-9999	-9999	-9999	-9999	-9999	-9999	-9999	-9999	-9999	-9999	-9999	-9999	-9999	-9999	-9999	-9999	-9999	-9999
HAT-P-3	9.936	0.022	9.542	0.028	9.448	0.025	9.382	0.065	9.45	0.062	999.9	-99.9	999.9	-99.9	134.5541831	0.480250869	-999	-999	-999	-999	-999	-999	0.112	0.03	0.094	0.016	-999	-999	-999	-999	0.827	0.055	-9999	-9999	-9999	-9999	-9999	-9999	-9999	-9999	-9999	-9999	-9999	-9999	-9999	-9999	-9999	-9999	-9999	-9999	-9999	-9999	-9999	-9999	-9999	-9999	-9999	-9999	-9999	-9999	-9999	-9999	-9999
HAT-P-30	-9999	-9999	-9999	-9999	-9999	-9999	9.018	0.024	9.058	0.02	-9999	-9999	-9999	-9999	213.9850891	2.217041908	-999	-999	-999	-999	-999	-999	0.1584	0.0107	0.1825	0.0147	-999	-999	-999	-999	1.34	0.065	-9999	-9999	-9999	-9999	-9999	-9999	-9999	-9999	-9999	-9999	-9999	-9999	-9999	-9999	-9999	-9999	-9999	-9999	-9999	-9999	-9999	-9999	-9999	-9999	-9999	-9999	-9999	-9999	-9999	-9999	-9999
HAT-P-32	10.251	0.022	10.024	0.022	9.99	0.022	9.884	0.024	9.896	0.02	999.9	-99.9	999.9	-99.9	289.2050545	5.354501171	0.04	0.013	0.09	0.033	0.178	0.057	0.364	0.016	0.438	0.02	-999	-999	-999	-999	1.789	0.025	10.151	0.03	0.051	0.013	-9999	-9999	-9999	-9999	-9999	-9999	-9999	-9999	-9999	-9999	-9999	-9999	-9999	-9999	-9999	-9999	-9999	-9999	-9999	-9999	-9999	-9999	-9999	-9999	-9999	-9999	-9999
HAT-P-33	-9999	-9999	-9999	-9999	-9999	-9999	9.98	0.023	10.013	0.022	-9999	-9999	-9999	-9999	396.1100994	7.647172358	-999	-999	-999	-999	-999	-999	0.1603	0.0127	0.1835	0.0199	-999	-999	-999	-999	1.827	0.29	-9999	-9999	-9999	-9999	-9999	-9999	-9999	-9999	-9999	-9999	-9999	-9999	-9999	-9999	-9999	-9999	-9999	-9999	-9999	-9999	-9999	-9999	-9999	-9999	-9999	-9999	-9999	-9999	-9999	-9999	-9999
HAT-P-4	10.1	0.022	9.837	0.02	9.77	0.02	9.749	0.072	9.799	0.068	999.9	-99.9	999.9	-99.9	320.4514594	2.851856512	-999	-999	-999	-999	-999	-999	0.142	0.016	0.122	0.014	-999	-999	-999	-999	1.27	0.05	-9999	-9999	-9999	-9999	-9999	-9999	-9999	-9999	-9999	-9999	-9999	-9999	-9999	-9999	-9999	-9999	-9999	-9999	-9999	-9999	-9999	-9999	-9999	-9999	-9999	-9999	-9999	-9999	-9999	-9999	-9999
HAT-P-40	-9999	-9999	-9999	-9999	-9999	-9999	9.951	0.024	9.976	0.021	-9999	-9999	-9999	-9999	464.4694705	6.536891283	-999	-999	-999	-999	-999	-999	0.0988	0.0168	0.1057	0.0145	-999	-999	-999	-999	1.73	0.062	-9999	-9999	-9999	-9999	-9999	-9999	-9999	-9999	-9999	-9999	-9999	-9999	-9999	-9999	-9999	-9999	-9999	-9999	-9999	-9999	-9999	-9999	-9999	-9999	-9999	-9999	-9999	-9999	-9999	-9999	-9999
HAT-P-41	-9999	-9999	-9999	-9999	-9999	-9999	9.54	0.023	9.598	0.02	-9999	-9999	-9999	-9999	348.1846307	4.529677924	-999	-999	-999	-999	-999	-999	0.1829	0.0319	0.2278	0.0177	-999	-999	-999	-999	1.685	0.076	-9999	-9999	-9999	-9999	-9999	-9999	-9999	-9999	-9999	-9999	-9999	-9999	-9999	-9999	-9999	-9999	-9999	-9999	-9999	-9999	-9999	-9999	-9999	-9999	-9999	-9999	-9999	-9999	-9999	-9999	-9999
HAT-P-6	9.558	0.023	9.44	0.018	9.313	0.019	9.289	0.067	9.301	0.063	999.9	-99.9	999.9	-99.9	275.3575084	3.636083617	-999	-999	-999	-999	-999	-999	0.117	0.008	0.106	0.006	-999	-999	-999	-999	1.33	0.061	-9999	-9999	-9999	-9999	-9999	-9999	-9999	-9999	-9999	-9999	-9999	-9999	-9999	-9999	-9999	-9999	-9999	-9999	-9999	-9999	-9999	-9999	-9999	-9999	-9999	-9999	-9999	-9999	-9999	-9999	-9999
HAT-P-7	9.555	0.03	9.344	0.029	9.334	0.018	9.291	0.068	9.281	0.043	9.727	0.081	9.759	0.068	341.0793669	2.431114573	-999	-999	-999	-999	-999	-999	0.098	0.017	0.159	0.022	0.245	0.031	0.262	0.027	1.431	0.011	-9999	-9999	-9999	-9999	-9999	-9999	-9999	-9999	-9999	-9999	-9999	-9999	-9999	-9999	-9999	-9999	-9999	-9999	-9999	-9999	-9999	-9999	-9999	-9999	-9999	-9999	-9999	-9999	-9999	-9999	-9999
HAT-P-8	9.214	0.022	9.004	0.018	8.953	0.013	8.942	0.064	8.932	0.06	999.9	-99.9	999.9	-99.9	211.5529016	1.708604216	-999	-999	-999	-999	-999	-999	0.131	0.01	0.111	0.008	-999	-999	-999	-999	1.5	0.06	-9999	-9999	-9999	-9999	-9999	-9999	-9999	-9999	-9999	-9999	-9999	-9999	-9999	-9999	-9999	-9999	-9999	-9999	-9999	-9999	-9999	-9999	-9999	-9999	-9999	-9999	-9999	-9999	-9999	-9999	-9999
HD-149026	7.118	0.024	6.899	0.018	6.819	0.017	6.84	0.062	6.827	0.045	7.305	0.062	7.23	0.06	75.86426213	0.174043374	-999	-999	-999	-999	-999	-999	0.04	0.003	0.034	0.006	0.044	0.01	0.052	0.006	0.718	0.065	-9999	-9999	-9999	-9999	-9999	-9999	-9999	-9999	-9999	-9999	-9999	-9999	-9999	-9999	-9999	-9999	-9999	-9999	-9999	-9999	-9999	-9999	-9999	-9999	-9999	-9999	-9999	-9999	-9999	-9999	-9999
HD-189733	6.073	0.032	5.587	0.031	5.541	0.021	5.45	0.065	5.53	0.061	5.971	0.063	5.968	0.059	19.76384912	0.012734385	-999	-999	-999	-999	-999	-999	0.256	0.014	0.214	0.02	0.31	0.034	0.344	0.0036	1.138	0.077	-9999	-9999	-9999	-9999	-9999	-9999	-9999	-9999	-9999	-9999	-9999	-9999	-9999	-9999	-9999	-9999	-9999	-9999	-9999	-9999	-9999	-9999	-9999	-9999	-9999	-9999	-9999	-9999	-9999	-9999	-9999
HD-209458	6.591	0.02	6.366	0.038	6.308	0.026	6.258	0.043	6.305	0.035	6.791	0.064	6.765	0.057	48.30159668	0.124010844	0.091	0.018	-999	-999	-999	-999	0.106	0.008	0.133	0.011	0.142	0.059	0.215	0.012	1.38	0.018	6.485	0.03	0.073	0.018	-9999	-9999	-9999	-9999	-9999	-9999	-9999	-9999	-9999	-9999	-9999	-9999	-9999	-9999	-9999	-9999	-9999	-9999	-9999	-9999	-9999	-9999	-9999	-9999	-9999	-9999	-9999
KELT-1	9.682	0.022	9.534	0.03	9.437	0.019	9.39	0.063	9.405	0.061	999.9	-99.9	999.9	-99.9	268.4304838	3.056731634	-999	-999	-999	-999	0.16	0.02	0.195	0.01	0.2	0.012	-999	-999	-999	-999	1.15	0.16	-9999	-9999	-9999	-9999	-9999	-9999	-9999	-9999	-9999	-9999	-9999	-9999	-9999	-9999	-9999	-9999	-9999	-9999	-9999	-9999	-9999	-9999	-9999	-9999	-9999	-9999	-9999	-9999	-9999	-9999	-9999
KELT-2	-9999	-9999	-9999	-9999	-9999	-9999	7.286	0.026	7.337	0.02	-9999	-9999	-9999	-9999	134.0580924	0.802395781	-999	-999	-999	-999	-999	-999	0.0572	0.0046	0.0616	0.0045	-999	-999	-999	-999	1.306	0.067	-9999	-9999	-9999	-9999	-9999	-9999	-9999	-9999	-9999	-9999	-9999	-9999	-9999	-9999	-9999	-9999	-9999	-9999	-9999	-9999	-9999	-9999	-9999	-9999	-9999	-9999	-9999	-9999	-9999	-9999	-9999
KELT-3	-9999	-9999	-9999	-9999	-9999	-9999	8.577	0.022	8.604	0.019	-9999	-9999	-9999	-9999	210.2518695	5.543996535	-999	-999	-999	-999	-999	-999	0.1766	0.0097	0.1656	0.0104	-999	-999	-999	-999	1.333	0.08	-9999	-9999	-9999	-9999	-9999	-9999	-9999	-9999	-9999	-9999	-9999	-9999	-9999	-9999	-9999	-9999	-9999	-9999	-9999	-9999	-9999	-9999	-9999	-9999	-9999	-9999	-9999	-9999	-9999	-9999	-9999
KELT-7	-9999	-9999	-9999	-9999	-9999	-9999	7.511	0.025	7.538	0.02	-9999	-9999	-9999	-9999	136.6813921	0.937284437	-999	-999	-999	-999	-999	-999	0.1688	0.0046	0.1896	0.0057	-999	-999	-999	-999	1.533	0.047	-9999	-9999	-9999	-9999	-9999	-9999	-9999	-9999	-9999	-9999	-9999	-9999	-9999	-9999	-9999	-9999	-9999	-9999	-9999	-9999	-9999	-9999	-9999	-9999	-9999	-9999	-9999	-9999	-9999	-9999	-9999
KEPLER-13	9.466	0.022	9.455	0.019	9.425	0.014	9.386	0.023	9.409	0.02	999.9	-99.9	999.9	-99.9	519.0959276	30.7030608	0.0724	0.0071	-999	-999	0.122	0.051	0.156	0.031	0.222	0.023	-999	-999	-999	-999	2.042	0.008	9.546	0.03	0.071	0.08	-9999	-9999	-9999	-9999	-9999	-9999	-9999	-9999	-9999	-9999	-9999	-9999	-9999	-9999	-9999	-9999	-9999	-9999	-9999	-9999	-9999	-9999	-9999	-9999	-9999	-9999	-9999
KEPLER-5	-9999	-9999	-9999	-9999	-9999	-9999	11.683	0.022	11.741	0.021	999.9	-99.9	999.9	-99.9	899.7774116	16.77376346	-999	-999	-999	-999	-999	-999	0.103	0.017	0.107	0.015	-999	-999	-999	-999	1.431	0.048	-9999	-9999	-9999	-9999	-9999	-9999	-9999	-9999	-9999	-9999	-9999	-9999	-9999	-9999	-9999	-9999	-9999	-9999	-9999	-9999	-9999	-9999	-9999	-9999	-9999	-9999	-9999	-9999	-9999	-9999	-9999
KEPLER-6	-9999	-9999	-9999	-9999	-9999	-9999	11.585	0.022	11.643	0.021	999.9	-99.9	999.9	-99.9	587.0390478	5.071021174	-999	-999	-999	-999	-999	-999	0.069	0.027	0.151	0.019	-999	-999	-999	-999	1.323	0.029	-9999	-9999	-9999	-9999	-9999	-9999	-9999	-9999	-9999	-9999	-9999	-9999	-9999	-9999	-9999	-9999	-9999	-9999	-9999	-9999	-9999	-9999	-9999	-9999	-9999	-9999	-9999	-9999	-9999	-9999	-9999
QATAR-1	10.999	0.021	10.527	0.019	10.409	0.017	10.311	0.023	10.385	0.02	999.9	-99.9	999.9	-99.9	185.6152942	0.804217345	-999	-999	-999	-999	0.136	0.034	0.149	0.051	0.273	0.049	-999	-999	-999	-999	1.143	0.026	-9999	-9999	-9999	-9999	-9999	-9999	-9999	-9999	-9999	-9999	-9999	-9999	-9999	-9999	-9999	-9999	-9999	-9999	-9999	-9999	-9999	-9999	-9999	-9999	-9999	-9999	-9999	-9999	-9999	-9999	-9999
TRES-1	10.294	0.022	9.887	0.021	9.819	0.019	9.779	0.047	9.779	0.044	10.232	0.049	10.241	0.048	159.6577307	0.73592577	-999	-999	-999	-999	-999	-999	0.083	0.024	0.094	0.024	0.162	0.042	0.213	0.042	1.099	0.035	-9999	-9999	-9999	-9999	-9999	-9999	-9999	-9999	-9999	-9999	-9999	-9999	-9999	-9999	-9999	-9999	-9999	-9999	-9999	-9999	-9999	-9999	-9999	-9999	-9999	-9999	-9999	-9999	-9999	-9999	-9999
TRES-2	10.232	0.02	9.92	0.026	9.846	0.022	9.782	0.045	9.79	0.043	10.206	0.069	10.252	0.07	215.3204497	1.049361271	-999	-999	-999	-999	0.062	0.013	0.127	0.021	0.23	0.024	0.199	0.054	0.359	0.06	1.189	0.025	-9999	-9999	-9999	-9999	-9999	-9999	-9999	-9999	-9999	-9999	-9999	-9999	-9999	-9999	-9999	-9999	-9999	-9999	-9999	-9999	-9999	-9999	-9999	-9999	-9999	-9999	-9999	-9999	-9999	-9999	-9999
TRES-3	11.015	0.022	10.655	0.02	10.608	0.017	10.55	0.064	10.599	0.064	11.029	0.076	11.03	0.14	231.3373596	1.302562634	-999	-999	-999	-999	0.133	0.018	0.356	0.035	0.372	0.054	0.449	0.097	0.475	0.046	1.305	0.09	10.928	0.03	0.047	0.028	-9999	-9999	-9999	-9999	-9999	-9999	-9999	-9999	-9999	-9999	-9999	-9999	-9999	-9999	-9999	-9999	-9999	-9999	-9999	-9999	-9999	-9999	-9999	-9999	-9999	-9999	-9999
TRES-4	10.583	0.018	10.35	0.015	10.33	0.019	10.264	0.064	10.279	0.063	10.7	0.073	10.741	0.074	515.9803733	7.026561442	-999	-999	-999	-999	-999	-999	0.137	0.011	0.148	0.016	0.261	0.059	0.318	0.044	1.706	0.056	-9999	-9999	-9999	-9999	-9999	-9999	-9999	-9999	-9999	-9999	-9999	-9999	-9999	-9999	-9999	-9999	-9999	-9999	-9999	-9999	-9999	-9999	-9999	-9999	-9999	-9999	-9999	-9999	-9999	-9999	-9999
WASP-1	10.586	0.019	10.364	0.016	10.276	0.018	10.234	0.047	10.237	0.044	10.65	0.19	10.71	0.13	393.0722316	10.80218418	-999	-999	-999	-999	-999	-999	0.184	0.016	0.217	0.017	0.274	0.058	0.474	0.046	1.514	0.052	-9999	-9999	-9999	-9999	-9999	-9999	-9999	-9999	-9999	-9999	-9999	-9999	-9999	-9999	-9999	-9999	-9999	-9999	-9999	-9999	-9999	-9999	-9999	-9999	-9999	-9999	-9999	-9999	-9999	-9999	-9999
WASP-10	10.603	0.026	10.117	0.029	9.983	0.018	9.929	0.022	9.997	0.019	999.9	-99.9	999.9	-99.9	140.9979224	0.749895326	-999	-999	-999	-999	0.137	0.019	0.1	0.011	0.146	0.016	-999	-999	-999	-999	1.08	0.02	-9999	-9999	-9999	-9999	-9999	-9999	-9999	-9999	-9999	-9999	-9999	-9999	-9999	-9999	-9999	-9999	-9999	-9999	-9999	-9999	-9999	-9999	-9999	-9999	-9999	-9999	-9999	-9999	-9999	-9999	-9999
WASP-100	-9999	-9999	-9999	-9999	-9999	-9999	9.607	0.023	9.619	0.02	-9999	-9999	-9999	-9999	364.4111086	2.748933555	-999	-999	-999	-999	-999	-999	0.1267	0.0098	0.172	0.0119	-999	-999	-999	-999	1.69	0.29	-9999	-9999	-9999	-9999	-9999	-9999	-9999	-9999	-9999	-9999	-9999	-9999	-9999	-9999	-9999	-9999	-9999	-9999	-9999	-9999	-9999	-9999	-9999	-9999	-9999	-9999	-9999	-9999	-9999	-9999	-9999
WASP-101	-9999	-9999	-9999	-9999	-9999	-9999	9.025	0.024	9.064	0.021	-9999	-9999	-9999	-9999	201.2242448	1.151595815	-999	-999	-999	-999	-999	-999	0.1161	0.0111	0.1194	0.0113	-999	-999	-999	-999	1.41	0.05	-9999	-9999	-9999	-9999	-9999	-9999	-9999	-9999	-9999	-9999	-9999	-9999	-9999	-9999	-9999	-9999	-9999	-9999	-9999	-9999	-9999	-9999	-9999	-9999	-9999	-9999	-9999	-9999	-9999	-9999	-9999
WASP-103	11.1	0.03	10.857	0.03	10.767	0.02	10.703	0.023	10.733	0.022	999.9	-99.9	999.9	-99.9	470	35	0.13122	0.02	-999	-999	0.3567	0.04	0.3702	0.0256	0.4711	0.0339	-999	-999	-999	-999	1.528	0.073	10.976	0.03	0.146	0.027	-9999	-9999	-9999	-9999	-9999	-9999	-9999	-9999	-9999	-9999	-9999	-9999	-9999	-9999	-9999	-9999	-9999	-9999	-9999	-9999	-9999	-9999	-9999	-9999	-9999	-9999	-9999
WASP-104	-9999	-9999	-9999	-9999	-9999	-9999	9.819	0.023	9.894	0.02	-9999	-9999	-9999	-9999	185.9318503	1.480475426	-999	-999	-999	-999	-999	-999	0.1709	0.0195	0.2643	0.0303	-999	-999	-999	-999	1.137	0.037	-9999	-9999	-9999	-9999	-9999	-9999	-9999	-9999	-9999	-9999	-9999	-9999	-9999	-9999	-9999	-9999	-9999	-9999	-9999	-9999	-9999	-9999	-9999	-9999	-9999	-9999	-9999	-9999	-9999	-9999	-9999
WASP-12	10.477	0.021	10.228	0.022	10.188	0.02	10.111	0.042	10.1	0.038	10.541	0.074	10.55	0.1	427.2461279	6.067720597	0.139	0.03	0.176	0.021	0.296	0.014	0.421	0.011	0.428	0.012	0.696	0.06	0.696	0.096	1.9	0.057	10.361	0.03	0.198	0.022	-9999	-9999	-9999	-9999	-9999	-9999	-9999	-9999	-9999	-9999	-9999	-9999	-9999	-9999	-9999	-9999	-9999	-9999	-9999	-9999	-9999	-9999	-9999	-9999	-9999	-9999	-9999
WASP-121	-9999	-9999	9.439	0.025	-9999	-9999	9.335	0.023	9.385	0.02	-9999	-9999	-9999	-9999	269.8979918	1.579646427	-999	-999	-999	-999	-999	-999	0.367	0.013	0.4684	0.0121	-999	-999	-999	-999	1.865	0.044	9.522	0.03	0.125	0.011	-9999	-9999	-9999	-9999	-9999	-9999	-9999	-9999	-9999	-9999	-9999	-9999	-9999	-9999	-9999	-9999	-9999	-9999	-9999	-9999	-9999	-9999	-9999	-9999	-9999	-9999	-9999
WASP-131	-9999	-9999	-9999	-9999	-9999	-9999	8.526	0.023	8.559	0.021	-9999	-9999	-9999	-9999	200.0750786	2.658902712	-999	-999	-999	-999	-999	-999	0.0364	0.0097	0.0282	0.0078	-999	-999	-999	-999	1.22	0.05	-9999	-9999	-9999	-9999	-9999	-9999	-9999	-9999	-9999	-9999	-9999	-9999	-9999	-9999	-9999	-9999	-9999	-9999	-9999	-9999	-9999	-9999	-9999	-9999	-9999	-9999	-9999	-9999	-9999	-9999	-9999
WASP-14	8.869	0.021	8.65	0.019	8.621	0.019	8.586	0.046	8.556	0.043	999.9	-99.9	9.043	0.064	161.9968072	0.809957908	-999	-999	-999	-999	-999	-999	0.1816	0.0067	0.2284	0.009	-999	-999	0.181	0.022	1.281	0.082	-9999	-9999	-9999	-9999	-9999	-9999	-9999	-9999	-9999	-9999	-9999	-9999	-9999	-9999	-9999	-9999	-9999	-9999	-9999	-9999	-9999	-9999	-9999	-9999	-9999	-9999	-9999	-9999	-9999	-9999	-9999
WASP-17	10.509	0.027	10.319	0.024	10.224	0.027	10.196	0.064	10.193	0.065	999.9	-99.9	10.66	0.11	405.9081287	8.77895054	-999	-999	-999	-999	-999	-999	-999	-999	0.229	0.013	-999	-999	0.237	0.039	1.991	0.081	-9999	-9999	-9999	-9999	-9999	-9999	-9999	-9999	-9999	-9999	-9999	-9999	-9999	-9999	-9999	-9999	-9999	-9999	-9999	-9999	-9999	-9999	-9999	-9999	-9999	-9999	-9999	-9999	-9999	-9999	-9999
WASP-18	8.409	0.018	8.231	0.055	8.131	0.027	8.098	0.046	8.115	0.044	8.561	0.047	8.573	0.063	123.4825503	0.371030192	0.094	0.004	-999	-999	0.13	0.03	0.2973	0.007	0.3858	0.0113	0.37	0.03	0.41	0.02	1.165	0.077	8.3	0.03	0.108	0.004	-9999	-9999	-9999	-9999	-9999	-9999	-9999	-9999	-9999	-9999	-9999	-9999	-9999	-9999	-9999	-9999	-9999	-9999	-9999	-9999	-9999	-9999	-9999	-9999	-9999	-9999	-9999
WASP-19	10.911	0.026	10.602	0.022	10.481	0.023	10.445	0.047	10.487	0.047	10.91	0.13	10.754	0.085	268.3252469	1.719532275	-999	-999	0.276	0.044	0.287	0.02	0.483	0.025	0.572	0.03	0.65	0.11	0.73	0.12	1.395	0.025	-9999	-9999	-9999	-9999	-9999	-9999	-9999	-9999	-9999	-9999	-9999	-9999	-9999	-9999	-9999	-9999	-9999	-9999	-9999	-9999	-9999	-9999	-9999	-9999	-9999	-9999	-9999	-9999	-9999	-9999	-9999
WASP-2	10.166	0.027	9.752	0.026	9.632	0.024	9.588	0.066	9.606	0.065	10.02	0.11	10.032	0.071	153.2421769	1.639315985	-999	-999	-999	-999	-999	-999	0.083	0.035	0.169	0.017	0.192	0.077	0.285	0.059	1.079	0.033	-9999	-9999	-9999	-9999	-9999	-9999	-9999	-9999	-9999	-9999	-9999	-9999	-9999	-9999	-9999	-9999	-9999	-9999	-9999	-9999	-9999	-9999	-9999	-9999	-9999	-9999	-9999	-9999	-9999	-9999	-9999
WASP-24	10.457	0.022	10.219	0.026	10.148	0.023	10.132	0.067	10.156	0.066	999.9	-99.9	999.9	-99.9	322.1140154	4.497674903	-999	-999	-999	-999	-999	-999	0.159	0.013	0.202	0.018	-999	-999	-999	-999	1.3	0.039	-9999	-9999	-9999	-9999	-9999	-9999	-9999	-9999	-9999	-9999	-9999	-9999	-9999	-9999	-9999	-9999	-9999	-9999	-9999	-9999	-9999	-9999	-9999	-9999	-9999	-9999	-9999	-9999	-9999	-9999	-9999
WASP-26	10.021	0.022	9.775	0.023	9.69	0.023	9.68	0.075	9.708	0.067	999.9	-99.9	999.9	-99.9	252.7592669	4.760704697	-999	-999	-999	-999	-999	-999	0.126	0.013	0.149	0.016	-999	-999	-999	-999	1.281	0.075	-9999	-9999	-9999	-9999	-9999	-9999	-9999	-9999	-9999	-9999	-9999	-9999	-9999	-9999	-9999	-9999	-9999	-9999	-9999	-9999	-9999	-9999	-9999	-9999	-9999	-9999	-9999	-9999	-9999	-9999	-9999
WASP-3	9.603	0.02	9.407	0.014	9.361	0.015	9.366	0.045	9.356	0.063	9.773	0.067	9.758	0.072	231.1609677	1.647960708	-999	-999	-999	-999	0.193	0.014	0.209	0.04	0.282	0.012	-999	-999	0.328	0.086	1.454	0.084	-9999	-9999	-9999	-9999	-9999	-9999	-9999	-9999	-9999	-9999	-9999	-9999	-9999	-9999	-9999	-9999	-9999	-9999	-9999	-9999	-9999	-9999	-9999	-9999	-9999	-9999	-9999	-9999	-9999	-9999	-9999
WASP-33	7.581	0.021	7.516	0.024	7.468	0.024	7.427	0.066	7.438	0.06	999.9	-99.9	999.9	-99.9	121.9437011	0.998395694	0.11	0.0252	-999	-999	0.244	0.027	0.26	0.05	0.41	0.02	-999	-999	-999	-999	1.603	0.014	7.619	0.03	0.123	0.025	-9999	-9999	-9999	-9999	-9999	-9999	-9999	-9999	-9999	-9999	-9999	-9999	-9999	-9999	-9999	-9999	-9999	-9999	-9999	-9999	-9999	-9999	-9999	-9999	-9999	-9999	-9999
WASP-36	11.609	0.028	11.353	0.027	11.294	0.026	11.158	0.022	11.196	0.02	-9999	-9999	-9999	-9999	386.3463664	5.260383217	-999	-999	-999	-999	0.13	0.04	-999	-999	-999	-999	-999	-999	-999	-999	1.269	0.03	-9999	-9999	-9999	-9999	-9999	-9999	-9999	-9999	-9999	-9999	-9999	-9999	-9999	-9999	-9999	-9999	-9999	-9999	-9999	-9999	-9999	-9999	-9999	-9999	-9999	-9999	-9999	-9999	-9999	-9999	-9999
WASP-39	-9999	-9999	-9999	-9999	-9999	-9999	10.159	0.023	10.224	0.021	999.9	-99.9	999.9	-99.9	213.9821429	1.759615458	-999	-999	-999	-999	-999	-999	0.088	0.015	0.096	0.018	-999	-999	-999	-999	1.27	0.04	-9999	-9999	-9999	-9999	-9999	-9999	-9999	-9999	-9999	-9999	-9999	-9999	-9999	-9999	-9999	-9999	-9999	-9999	-9999	-9999	-9999	-9999	-9999	-9999	-9999	-9999	-9999	-9999	-9999	-9999	-9999
WASP-4	11.179	0.025	10.842	0.026	10.746	0.021	10.71	0.051	10.732	0.046	999.9	-99.9	999.9	-99.9	267.2055695	3.771761125	-999	-999	-999	-999	0.185	0.014	0.319	0.031	0.343	0.027	-999	-999	-999	-999	1.395	0.022	11.001	0.03	0.068	0.018	-9999	-9999	-9999	-9999	-9999	-9999	-9999	-9999	-9999	-9999	-9999	-9999	-9999	-9999	-9999	-9999	-9999	-9999	-9999	-9999	-9999	-9999	-9999	-9999	-9999	-9999	-9999
WASP-43	9.995	0.024	9.397	0.025	9.267	0.026	9.129	0.063	9.214	0.061	999.9	-99.9	999.9	-99.9	86.74669178	0.328079705	0.042	0.0045	0.103	0.017	0.194	0.029	0.3773	0.0138	0.3866	0.0195	-999	-999	-999	-999	1.036	0.019	9.728	0.03	0.036	0.004	-9999	-9999	-9999	-9999	-9999	-9999	-9999	-9999	-9999	-9999	-9999	-9999	-9999	-9999	-9999	-9999	-9999	-9999	-9999	-9999	-9999	-9999	-9999	-9999	-9999	-9999	-9999
WASP-46	11.753	0.023	11.465	0.025	11.401	0.026	11.323	0.024	11.353	0.023	999.9	-99.9	999.9	-99.9	375.3100476	4.461970468	0.129	0.055	0.194	0.078	0.26	0.05	0.136	0.0701	0.4446	0.0589	-999	-999	-999	-999	1.31	0.051	-9999	-9999	-9999	-9999	-9999	-9999	-9999	-9999	-9999	-9999	-9999	-9999	-9999	-9999	-9999	-9999	-9999	-9999	-9999	-9999	-9999	-9999	-9999	-9999	-9999	-9999	-9999	-9999	-9999	-9999	-9999
WASP-48	10.627	0.025	10.441	0.032	10.372	0.022	10.34	0.065	10.36	0.069	999.9	-99.9	999.9	-99.9	454.1439172	4.465584859	-999	-999	0.047	0.016	0.109	0.027	0.176	0.013	0.214	0.02	-999	-999	-999	-999	1.67	0.08	-9999	-9999	-9999	-9999	-9999	-9999	-9999	-9999	-9999	-9999	-9999	-9999	-9999	-9999	-9999	-9999	-9999	-9999	-9999	-9999	-9999	-9999	-9999	-9999	-9999	-9999	-9999	-9999	-9999	-9999	-9999
WASP-5	10.949	0.022	10.65	0.025	10.598	0.023	10.539	0.069	10.588	0.072	999.9	-99.9	999.9	-99.9	309.136814	3.413806997	0.168	0.052	-999	999	0.2	0.02	0.197	0.028	0.237	0.024	-999	-999	-999	-999	1.171	0.057	-9999	-9999	-9999	-9999	-9999	-9999	-9999	-9999	-9999	-9999	-9999	-9999	-9999	-9999	-9999	-9999	-9999	-9999	-9999	-9999	-9999	-9999	-9999	-9999	-9999	-9999	-9999	-9999	-9999	-9999	-9999
WASP-6	-9999	-9999	-9999	-9999	-9999	-9999	10.275	0.022	10.338	0.021	999.9	-99.9	999.9	-99.9	197.1185153	1.632188602	-999	-999	-999	999	-999	-999	0.094	0.019	0.115	0.022	-999	-999	-999	-999	1.224	0.052	-9999	-9999	-9999	-9999	-9999	-9999	-9999	-9999	-9999	-9999	-9999	-9999	-9999	-9999	-9999	-9999	-9999	-9999	-9999	-9999	-9999	-9999	-9999	-9999	-9999	-9999	-9999	-9999	-9999	-9999	-9999
WASP-62	-9999	-9999	-9999	-9999	-9999	-9999	8.884	0.023	8.92	0.02	-9999	-9999	-9999	-9999	175.6311777	0.589633921	-999	-999	-999	999	-999	-999	0.1616	0.0146	0.1359	0.013	-999	-999	-999	-999	1.39	0.06	-9999	-9999	-9999	-9999	-9999	-9999	-9999	-9999	-9999	-9999	-9999	-9999	-9999	-9999	-9999	-9999	-9999	-9999	-9999	-9999	-9999	-9999	-9999	-9999	-9999	-9999	-9999	-9999	-9999	-9999	-9999
WASP-63	-9999	-9999	-9999	-9999	-9999	-9999	9.328	0.023	9.385	0.02	-9999	-9999	-9999	-9999	290.6835093	2.034960138	-999	-999	-999	999	-999	-999	0.0522	0.0095	0.0533	0.0128	-999	-999	-999	-999	1.43	0.06	-9999	-9999	-9999	-9999	-9999	-9999	-9999	-9999	-9999	-9999	-9999	-9999	-9999	-9999	-9999	-9999	-9999	-9999	-9999	-9999	-9999	-9999	-9999	-9999	-9999	-9999	-9999	-9999	-9999	-9999	-9999
WASP-64	-9999	-9999	-9999	-9999	-9999	-9999	10.94	0.022	11.006	0.019	-9999	-9999	-9999	-9999	369.9256094	3.026728913	-999	-999	-999	999	-999	-999	0.2859	0.027	0.2071	0.0471	-999	-999	-999	-999	1.271	0.039	-9999	-9999	-9999	-9999	-9999	-9999	-9999	-9999	-9999	-9999	-9999	-9999	-9999	-9999	-9999	-9999	-9999	-9999	-9999	-9999	-9999	-9999	-9999	-9999	-9999	-9999	-9999	-9999	-9999	-9999	-9999
WASP-65	-9999	-9999	-9999	-9999	-9999	-9999	10.282	0.022	10.344	0.02	-9999	-9999	-9999	-9999	273.7033413	2.732996115	-999	-999	-999	999	-999	-999	0.1587	0.0245	0.0724	0.0318	-999	-999	-999	-999	1.112	0.059	-9999	-9999	-9999	-9999	-9999	-9999	-9999	-9999	-9999	-9999	-9999	-9999	-9999	-9999	-9999	-9999	-9999	-9999	-9999	-9999	-9999	-9999	-9999	-9999	-9999	-9999	-9999	-9999	-9999	-9999	-9999
WASP-67	-9999	-9999	-9999	-9999	-9999	-9999	10.026	0.023	10.077	0.021	999.9	-99.9	999.9	-99.9	189.4689169	1.557283111	-999	-999	-999	999	-999	-999	0.022	0.013	0.08	0.018	-999	-999	-999	-999	1.4	0.2	-9999	-9999	-9999	-9999	-9999	-9999	-9999	-9999	-9999	-9999	-9999	-9999	-9999	-9999	-9999	-9999	-9999	-9999	-9999	-9999	-9999	-9999	-9999	-9999	-9999	-9999	-9999	-9999	-9999	-9999	-9999
WASP-69	-9999	-9999	-9999	-9999	-9999	-9999	7.315	0.036	7.441	0.019	999.9	-99.9	999.9	-99.9	49.96050474	0.131960653	-999	-999	-999	999	-999	-999	0.0421	0.0029	0.0463	0.0039	-999	-999	-999	-999	1.057	0.047	-9999	-9999	-9999	-9999	-9999	-9999	-9999	-9999	-9999	-9999	-9999	-9999	-9999	-9999	-9999	-9999	-9999	-9999	-9999	-9999	-9999	-9999	-9999	-9999	-9999	-9999	-9999	-9999	-9999	-9999	-9999
WASP-74	-9999	-9999	-9999	-9999	-9999	-9999	8.119	0.023	8.178	0.019	-9999	-9999	-9999	-9999	149.2159802	1.149197186	-999	-999	-999	999	-999	-999	0.1446	0.0066	0.2075	0.01	-999	-999	-999	-999	1.404	0.018	-9999	-9999	-9999	-9999	-9999	-9999	-9999	-9999	-9999	-9999	-9999	-9999	-9999	-9999	-9999	-9999	-9999	-9999	-9999	-9999	-9999	-9999	-9999	-9999	-9999	-9999	-9999	-9999	-9999	-9999	-9999
WASP-76	-9999	-9999	-9999	-9999	-9999	-9999	8.173	0.022	8.234	0.019	-9999	-9999	-9999	-9999	194.4593532	6.2056553	-999	-999	-999	999	-999	-999	0.2645	0.0063	0.3345	0.0082	-999	-999	-999	-999	1.83	0.06	-9999	-9999	-9999	-9999	-9999	-9999	-9999	-9999	-9999	-9999	-9999	-9999	-9999	-9999	-9999	-9999	-9999	-9999	-9999	-9999	-9999	-9999	-9999	-9999	-9999	-9999	-9999	-9999	-9999	-9999	-9999
WASP-77	-9999	-9999	-9999	-9999	-9999	-9999	8.085	0.022	8.158	0.019	-9999	-9999	-9999	-9999	105.1660576	1.208855056	-999	-999	-999	999	-999	-999	0.1845	0.0094	0.2362	0.0127	-999	-999	-999	-999	1.21	0.02	-9999	-9999	-9999	-9999	-9999	-9999	-9999	-9999	-9999	-9999	-9999	-9999	-9999	-9999	-9999	-9999	-9999	-9999	-9999	-9999	-9999	-9999	-9999	-9999	-9999	-9999	-9999	-9999	-9999	-9999	-9999
WASP-78	-9999	-9999	-9999	-9999	-9999	-9999	10.948	0.024	10.978	0.021	-9999	-9999	-9999	-9999	754.2580259	17.10224889	-999	-999	-999	999	-999	-999	0.2001	0.0218	0.2013	0.0351	-999	-999	-999	-999	1.7	0.11	-9999	-9999	-9999	-9999	-9999	-9999	-9999	-9999	-9999	-9999	-9999	-9999	-9999	-9999	-9999	-9999	-9999	-9999	-9999	-9999	-9999	-9999	-9999	-9999	-9999	-9999	-9999	-9999	-9999	-9999	-9999
WASP-79	-9999	-9999	-9999	-9999	-9999	-9999	9.02	0.023	9.042	0.021	-9999	-9999	-9999	-9999	246.6898523	1.819920663	-999	-999	-999	999	-999	-999	0.1394	0.0088	0.1783	0.0106	-999	-999	-999	-999	1.7	0.11	-9999	-9999	-9999	-9999	-9999	-9999	-9999	-9999	-9999	-9999	-9999	-9999	-9999	-9999	-9999	-9999	-9999	-9999	-9999	-9999	-9999	-9999	-9999	-9999	-9999	-9999	-9999	-9999	-9999	-9999	-9999
WASP-8	8.501	0.027	8.218	0.049	8.086	0.023	8.084	0.085	8.162	0.077	999.9	-99.9	8.552	0.063	89.96064039	0.364716758	-999	-999	-999	999	-999	-999	0.113	0.018	0.0692	0.0068	-999	-999	0.093	0.023	1.038	0.047	-9999	-9999	-9999	-9999	-9999	-9999	-9999	-9999	-9999	-9999	-9999	-9999	-9999	-9999	-9999	-9999	-9999	-9999	-9999	-9999	-9999	-9999	-9999	-9999	-9999	-9999	-9999	-9999	-9999	-9999	-9999
WASP-80	-9999	-9999	-9999	-9999	-9999	-9999	8.296	0.024	8.322	0.02	-9999	-9999	-9999	-9999	49.78760219	0.116297508	-999	-999	-999	999	-999	-999	0.0455	0.01	0.0944	0.0065	-999	-999	-999	-999	0.952	0.027	-9999	-9999	-9999	-9999	-9999	-9999	-9999	-9999	-9999	-9999	-9999	-9999	-9999	-9999	-9999	-9999	-9999	-9999	-9999	-9999	-9999	-9999	-9999	-9999	-9999	-9999	-9999	-9999	-9999	-9999	-9999
WASP-87	-9999	-9999	-9999	-9999	-9999	-9999	9.462	0.022	9.489	0.019	-9999	-9999	-9999	-9999	298.3924718	3.62123324	-999	-999	-999	999	-999	-999	0.2077	0.0127	0.2705	0.0137	-999	-999	-999	-999	1.385	0.06	-9999	-9999	-9999	-9999	-9999	-9999	-9999	-9999	-9999	-9999	-9999	-9999	-9999	-9999	-9999	-9999	-9999	-9999	-9999	-9999	-9999	-9999	-9999	-9999	-9999	-9999	-9999	-9999	-9999	-9999	-9999
WASP-94A	-9999	-9999	-9999	-9999	-9999	-9999	8.606	0.019	8.674	0.018	-9999	-9999	-9999	-9999	211.2114309	2.51218913	-999	-999	-999	999	-999	-999	0.0867	0.0059	0.0995	0.0093	-999	-999	-999	-999	1.72	0.06	-9999	-9999	-9999	-9999	-9999	-9999	-9999	-9999	-9999	-9999	-9999	-9999	-9999	-9999	-9999	-9999	-9999	-9999	-9999	-9999	-9999	-9999	-9999	-9999	-9999	-9999	-9999	-9999	-9999	-9999	-9999
WASP-97	-9999	-9999	-9999	-9999	-9999	-9999	8.945	0.023	8.99	0.02	-9999	-9999	-9999	-9999	151.068376	0.510283871	-999	-999	-999	999	-999	-999	0.1359	0.0084	0.1534	0.0101	-999	-999	-999	-999	1.13	0.06	-9999	-9999	-9999	-9999	-9999	-9999	-9999	-9999	-9999	-9999	-9999	-9999	-9999	-9999	-9999	-9999	-9999	-9999	-9999	-9999	-9999	-9999	-9999	-9999	-9999	-9999	-9999	-9999	-9999	-9999	-9999
XO-1	9.939	0.022	9.601	0.017	9.527	0.015	9.465	0.061	9.515	0.061	9.947	0.069	9.967	0.075	163.5532843	0.622187187	-999	-999	-999	999	-999	-999	0.086	0.007	0.122	0.009	0.261	0.031	0.21	0.029	1.184	0.04	-9999	-9999	-9999	-9999	-9999	-9999	-9999	-9999	-9999	-9999	-9999	-9999	-9999	-9999	-9999	-9999	-9999	-9999	-9999	-9999	-9999	-9999	-9999	-9999	-9999	-9999	-9999	-9999	-9999	-9999	-9999
XO-2	9.744	0.022	9.34	0.026	9.308	0.021	9.236	0.064	9.294	0.06	9.725	0.078	9.733	0.072	154.2726329	1.458878665	-999	-999	-999	999	-999	-999	0.081	0.017	0.098	0.02	0.167	0.036	0.133	0.049	0.973	0.03	-9999	-9999	-9999	-9999	-9999	-9999	-9999	-9999	-9999	-9999	-9999	-9999	-9999	-9999	-9999	-9999	-9999	-9999	-9999	-9999	-9999	-9999	-9999	-9999	-9999	-9999	-9999	-9999	-9999	-9999	-9999
XO-3	9.013	0.029	8.845	0.018	8.791	0.019	8.754	0.039	8.757	0.037	9.21	0.067	9.213	0.067	213.0526385	2.723917543	-999	-999	-999	999	-999	-999	0.101	0.004	0.158	0.0036	0.134	0.049	0.15	0.036	1.217	0.073	-9999	-9999	-9999	-9999	-9999	-9999	-9999	-9999	-9999	-9999	-9999	-9999	-9999	-9999	-9999	-9999	-9999	-9999	-9999	-9999	-9999	-9999	-9999	-9999	-9999	-9999	-9999	-9999	-9999	-9999	-9999
XO-4	9.667	0.021	9.476	0.022	9.406	0.023	9.386	0.066	9.409	0.061	999.9	-99.9	999.9	-99.9	272.6549249	2.91447246	-999	-999	-999	999	-999	-999	0.056	0.012	0.135	0.01	-999	-999	-999	-999	1.317	0.04	-9999	-9999	-9999	-9999	-9999	-9999	-9999	-9999	-9999	-9999	-9999	-9999	-9999	-9999	-9999	-9999	-9999	-9999	-9999	-9999	-9999	-9999	-9999	-9999	-9999	-9999	-9999	-9999	-9999	-9999	-9999