# Star_name Sp_T J_Mag J_err H_mag H_err K_mag K_err W_mag W_err NB1189_mag NB1190_err NB2090_mag NB2090_err         z_mag z_errband_mag band_err distance(pc)
2MASP_J0345432+254023 L0 13.958211452446827 0.0013239617349808906 13.231701443330195 0.0008434299808043446 12.689068919247912 0.0010869738112164763 13.890601927279988 0.0016636893724591485 14.139240507012513 0.004482105838633148 12.841268396716734 0.0026717817231233804 16.017538268452263 0.001598097548953788 13.792759114488192 0.0006634283278573277 26.9541779
2MASP_J0345432+254023 L0 13.958211452446827 0.0013239617349808906 13.231701443330195 0.0008434299808043446 12.689068919247912 0.0010869738112164763 13.890601927279988 0.0016636893724591485 14.139240507012513 0.004482105838633148 12.841268396716734 0.0026717817231233804 16.017538268452263 0.001598097548953788 13.792759114488192 0.0006634283278573277 26.9541779
2MASSI_J0117474-340325 L2 15.121791048924376 0.0013976565733518419 14.228952392005912 0.0019360246435881593 13.523100740054858 0.0012665589912599087 15.156371034974722 0.0030804935253333637 15.40479110631485 0.00394610788616083 13.703248945774861 0.0035969217221435224 17.5818995122463 0.003555260355803882 14.937172762880087 0.0010947473332535648 38.29950211
2MASSI_J0243137-245329 T6 15.423383189724806 0.00088683913790561 15.197821951351836 0.0015092844519432693 15.104706852909779 0.0016628962944593019 17.4022411911841 0.005359300640606579 16.447394105649146 0.00293697464248052 14.508428090319292 0.003467776360455112 18.59850884593821 0.0 15.712352062454036 0.0007560388830237773 10.68147832
2MASSI_J0328426+230205 L8 16.608811160940274 0.0024716040884865554 15.56024798501089 0.002810602892474313 14.981652834329743 0.0020681846448608538 16.93144713329875 0.005746683189521221 17.008852997509827 0.0073423358546675374 14.968612202862342 0.004853790330057524 18.97488393810868 0.005831888318501824 16.42944783342093 0.0018069113534569044 30.18412315
2MASSI_J0415195-093506 T8 15.550377713543199 0.0009789066300164375 15.381192909166572 0.0018319649048845746 15.678541704471247 0.0 18.33603136032204 0.0 17.2020572797147 0.004867290671638115 14.924428148632256 0.0038743255302340035 18.88171700713475 0.0 15.906907221036189 0.0 5.707762557
2MASSI_J0439010-235308 L6.5 14.41510961696624 0.00164292475743769 13.429525740269966 0.0007626222490353055 12.787782548284959 0.0012271024005073247 14.616690007768316 0.002943781617286944 14.791637514023886 0.005976576122543669 12.848266932346966 0.002782567125354325 16.662290329036445 0.0 14.23571046992526 0.0006830330068565342 9.057971014
2MASSI_J0652307+471034 L4.5 13.492853455939516 0.000727906706003703 12.427427876372947 0.0004014734243459224 11.667363558179012 0.0004056489983486445 13.590529733711724 0.0007875350759779918 13.735449800380056 0.002935438840148012 11.794939791028078 0.0014549553036799603 15.96962270957322 0.0015766707428448057 13.264839518034492 0.00032409720759211946 8.703220191
2MASSI_J0727182+171001 T8 15.683328704860848 0.001180818441064275 15.60962789389193 0.002758691573771081 15.605193207672736 0.0023018429442997275 18.54350614122463 0.020399687488422413 17.02471418330041 0.008948908955644822 14.89676302847979 0.004166723476236761 19.038372427860708 0.002414298942952957 16.057934636379002 0.0010846223369911823 8.888888889
2MASSI_J0825196+211552 L7.5 15.07975700042407 0.0009395993774316476 13.865194549300725 0.0005969897825848942 12.9708597681088 0.0005170728451882864 15.07660962440629 0.0012541751097983399 15.420736883945478 0.003579273661216211 13.044648957143812 0.0014836321147334197 17.40759450154009 0.0016943510742818346 14.774414983126182 0.0004746459201461241 10.66098081
2MASSI_J0847287-153237 L2 13.528377557183857 0.0013795737190605535 12.662702316675984 0.0007835544777823167 12.010107856906309 0.0010824827100090666 13.377121210368223 0.0014620501057663062 13.772346854996018 0.005134127398445414 12.149458083277185 0.00286208562037297 15.742001905409015 0.0036354586438922766 13.30338256504884 0.0006092548761578462 16.96065129
2MASSI_J0937347+293142 T7 14.671391718443921 0.000687325025487648 14.59445571349545 0.001452152380559507 15.343863320961635 0.002886718978618042 17.030263234543146 0.011664072771014696 15.640576997543308 0.0038500628417007356 14.8685550580175 0.006378080913677435 17.927573575825267 0.0013812946369922451 15.022046110653315 0.0006196651876643468 6.120325601
2MASSI_J1010148-040649 L6 15.439709793365566 0.001405672049992957 14.400075107233235 0.0008486479975116064 13.66884477271279 0.0009197308083003433 15.424115015072537 0.0019519492798708822 15.836146300564844 0.004032517835064184 13.769636154344983 0.0033083563231593566 17.78022011074809 0.0029265640343076422 15.195618030189157 0.0006842620747227015 16.72240803
2MASSI_J1047538+212423 T7 15.944052033354748 0.0011220401197665562 15.824418791835221 0.0023682877426913105 16.234548171193055 0.003919752901833693 18.327077246475547 0.007165564056008349 16.980518779197883 0.006332505875878911 15.650815729659913 0.006927887867872347 19.114601854756913 0.0024728812351962745 16.288633755458594 0.0010098060574438286 10.55631796
2MASSI_J1217110-031113 T7 15.926822810009227 0.00456372060691179 15.814871043607182 0.006956368404564891 15.739527833421423 0.006500783564975948 18.110912727632805 0.02116915817195923 17.360958748737385 0.03170199934993392 15.01621890179434 0.009588307140057133 19.579681327238287 0.0037151569037740025 16.26469489224234 0.0037682135334321525 11.01321586
2MASSI_J1711457+223204 L6.5 16.731156431366102 0.004796402843219652 15.74351774381496 0.005146541328991456 15.03568506484335 0.004026136322510767 16.97216937119769 0.009640863850866183 17.262584802739738 0.015689509735729225 15.122521518433524 0.009949717824054781 19.084483167028374 0.011630160488121377 16.560755888183422 0.0033862467190174635 30.20235578
2MASSI_J1807159+501531 L1.5 12.946555645490644 0.0006307855728783008 12.154982478123005 0.0007971416133204538 11.56023209146843 0.0006099089313232496 12.963973100679285 0.0008230341293398815 13.310455031114072 0.0019039163792719735 11.69757398195067 0.0018302016650339878 15.087964565287091 0.0007722330631808 12.783817011293685 0.00042231962507793385 12.94498382
2MASSI_J1807159+501531 L1.5 12.946853635076383 0.0008010424155839617 12.149793956886759 0.0005180131307330612 11.565425912858743 0.0007886713349210094 12.970533972310541 0.0011114051786559952 13.145142267584472 0.003409912735255441 11.710180417541341 0.0017806117800323366 15.09563380732949 0.0014843297952790513 12.77709490887653 0.00040614070731884405 12.94498382
2MASSI_J2104149-103736 L3 13.85644569624327 0.0018445111697197123 12.982996597795257 0.002549574084478412 12.345157924631769 0.001575862461154429 13.841693549729913 0.0021234787011454167 14.07500645078198 0.007291010185101532 12.486058870987659 0.00603988214512723 16.05909391205759 0.001862186032363745 13.658416629490999 0.0013176105330462873 17.48863239
2MASSI_J2254188+312349 T4 15.388951092006915 0.00039597789173161194 14.881548444822851 7.070890488258537e-06 14.895535176331133 9.999382986286155e-06 16.724388937477592 0.0036037705608865703 16.07636781391829 0.003100559493328745 14.51730673684779 0.0027822876189702965 18.458801270029674 0.0 15.544035627774074 7.069744185373489e-06 14.08450704
2MASSI_J2356547-155310 T5.5 15.876138795773393 0.0016788279983872905 15.693593252897056 0.0025850003673169876 15.645067529129504 0.0022339605022763786 17.71752638154354 0.00978964197637587 16.794821243626647 0.009743396395017409 15.05984458497251 0.0030207428075046893 18.954605183509635 0.002842169874376956 16.158474532957353 0.0013323791113173957 14.49905756
2MASS_J00345157+0523050 T6.5 15.633036372330732 0.000949009766355922 15.537874617834614 0.002216559235592492 16.019812761981495 0.0025719048586532837 18.016284237760267 0.009700366345886703 17.016960263795504 0.003446966495954456 15.423103174524076 0.004206314003529876 18.849904543017885 0.0013160367310376471 15.992948014404352 0.0008673822581216443 9.487666034
2MASS_J00501994-3322402 T7 15.702451573364097 0.002252938518328837 15.648388720401847 0.004884592074983204 15.565079232925669 0.0051292425257876235 18.00711672057863 0.01623476738215161 17.159384218334583 0.020917403236471198 14.81047379751625 0.00773614384184771 19.06692750337861 0.003976154174205073 16.05705934473223 0.0020398758271811665 10.57082452
2MASS_J02572581-3105523 L8 14.681819633146795 0.0016086467133629473 13.551916703115786 0.0023231964857336686 12.830754002311606 0.00156509485768604 14.699646094829067 0.002391109096464422 15.106081912565868 0.0040154794759270935 12.86505664027837 0.003962730420620115 16.962250755416576 0.0021655072237526506 14.420600900001332 0.0011590653994347803 10.03009027
2MASS_J04070752+1546457 L3.5 15.516733607440816 0.007703983184187868 14.327058887754285 0.010731210024212588 13.546100471859507 0.01007519849652753 15.362012256080199 0.013955355181124573 15.964206429127753 0.023042017316444625 13.68656171364091 0.03208774305452475 18.18184111756899 0.009391952058453038 15.192458276443311 0.005704009355614137 34.57814661
2MASS_J05160945-0445499 T5.5 15.835417174520696 0.0011294904933711934 15.653551839441079 0.002305870563093676 15.673160497777172 0.002879600430894887 17.900353033822466 0.007208429010171062 16.638593097441078 0.005511519482369417 15.078215905139134 0.005000219955795498 18.974557574136945 0.0028326378405795173 16.13288837546497 0.0010099913211614002 22.47191011
2MASS_J06244595-4521548 L5 14.494441322968122 0.0010709071353963132 13.349464510584717 0.0008763102978244917 12.565503861642675 0.0005832624124523047 14.464105942381174 0.0013357973245813695 14.757498035144778 0.004965597715923653 12.660711770139914 0.0015574615889450921 16.982290389504094 0.004077324531399651 14.203192576418893 0.0006240167302855026 12.30920729
2MASS_J09393548-2448279 T8 15.873740235653502 0.008558707699477955 15.70267758501912 0.011712391011299573 16.732424205046186 0.014310698522586401 18.586560367278892 0.027441496908930135 17.36305166953028 0.024769783315382692 16.067547284054765 0.03767003290394817 19.114118967718376 0.009360449326803867 16.23296259699633 0.006616053815483251 5.339028297
2MASS_J09393548-2448279 T8 15.899981335781384 0.002676493936906164 15.716716801808168 0.0037918258310438778 16.700474651551758 0.010605522374077166 18.495696240848766 0.0243082928304886 17.311774937883456 0.015987476379691255 16.166871120400586 0.01734874616540643 18.88730601050802 0.003895803551383449 16.250136493310126 0.0021746100278551084 5.339028297
2MASS_J09490860-1545485 T2 16.067002211131744 0.003079494125384344 15.321571886628329 0.0036050163240769787 15.244598067544961 0.003703479992227609 16.867447704463615 0.00844842563295461 16.452043486063477 0.010042887879666696 14.987279949965034 0.009001767047696351 18.987375251242312 0.004721500849840439 16.065273191951807 0.0023163993939690846 18.08318264
2MASS_J09490860-1545485 T2 16.094371286303463 0.0009576879115199404 15.320868811835378 0.0013913766510001624 15.219759075302461 0.0 16.77998375680682 0.004117106797583605 16.519747137989274 0.004871411183878539 14.937774602028922 0.0033797741829299883 18.99183514229015 0.0017518291102109917 16.05819798269753 0.00077565901614108 18.08318264
2MASS_J10073369-4555147 T5 15.757511396459238 0.004432161777802953 15.59888794894006 0.011011034028552625 15.533685904648545 0.012686082960107243 17.575509222173803 0.024992225733282566 16.762025118919382 0.024715713157702213 14.908511317462347 0.02101891079786976 18.813371933348034 0.011527364924708019 16.057144128693956 0.004093715582061154 14.08450704
2MASS_J11061197+2754225 T2.5 14.842672114328108 0.001169722801227483 14.123441896128464 0.0013951157347895863 13.808377201801104 0.0014394107320418374 15.646654224684058 0.0033289602302870192 15.270217275192872 0.004211410058814773 13.65775473935055 0.0033367214887252373 17.511439274040935 0.0028579617275801333 14.85128059282735 0.0008762988805431532 22.72727273
2MASS_J11263991-5003550 L4.5 14.028625526680056 0.0013966631138896892 13.287508284086108 0.0019875408415109047 12.792798536574102 0.002680331400498581 14.428556799282442 0.004445381621705418 14.289947357143527 0.004275934401692746 12.895846436993635 0.007157797395691643 16.357529400178194 0.0032915016690769653 13.958235406029651 0.0011228999272137339 16.8406871
2MASS_J12373919+6526148 T7 15.815801111512886 0.001493684267242038 15.725429760088305 0.003283232934726574 16.263771037536966 0.006918681001732634 18.179443436359453 0.00888811841720021 17.06777926385814 0.009543316286823988 15.733882052269044 0.012444386290628395 19.026059243758997 0.0030768385518630537 16.177234711128538 0.0013547773422558547 10.40907671
2MASS_J13313310+3407583 L0 14.207311699449317 0.0015228171735664835 13.391472514008791 0.0018408783438656129 12.762972290588298 0.0015250269425139463 14.010554914246736 0.0026808891099779205 14.386152958526013 0.004248249584418277 12.916994896975746 0.00428310185842755 16.352284705100008 0.003805580745044411 13.982520644392626 0.001100753512420603 28.11357886
2MASS_J15200224-4422419A L1.5 13.595693198525108 0.0007456922932162857 12.760759512726889 0.0008755263883532811 12.189198882231391 0.0008549393697254673 13.586690704773517 0.0013242569348332286 13.865992153827246 0.002216981659158851 12.327920573445555 0.0024719655196381997 16.008219733173622 0.001884466118436135 13.412000981842287 0.0005315804803758563 18.52023335
2MASS_J15200224-4422419B L4.5 14.576885001123632 0.0011940398994150002 13.77865451043371 0.001569144442274329 13.254271132040675 0.0014584674798140925 14.754527061580148 0.0024914941555631287 14.829345945312468 0.0033559969900372596 13.351541691615946 0.00408578801587899 16.54211636107195 0.0026554335564041185 14.439162096617725 0.0009024976848927834 18.52023335
2MASS_J15462718-3325111 T5.5 15.565087027096753 0.0016595615326597422 15.431047713131726 0.004186670268857375 15.561073484143273 0.005129978440974825 17.644211621396273 0.010012856564880367 16.505421675603237 0.007723407516341906 15.005059693575626 0.009172234724202125 18.68163301510933 0.003601556647530121 15.88240416554616 0.0015356399919133974 11.36363636
2MASS_J16150413+1340079 T6 16.16259116611609 0.0033244358844620268 16.155658127510442 0.006825536071109683 16.241934221747655 0.00900881464701262 18.24124173618528 0.016174666326451943 17.14731431986596 0.015856692634192995 15.641664875246162 0.014977520296948963 19.2000854829714 0.006708578305340015 16.515281985228253 0.0029703074312866615 14.57725948
2MASS_J17502484-0016151 L5.5 13.304010886704331 0.0009644097646434326 12.41095511526469 0.0010245249514657473 11.838941252080929 0.0008287839642919095 13.630954593238172 0.0023201939368994143 13.686117741241388 0.002989243625380222 11.932004657819064 0.002119062072682357 15.519711253550966 0.0022323006111907347 13.178980469782246 0.0006889226781611455 9.216589862
2MASS_J18212815+1414010 L5 13.40321123694574 0.0007565877123995772 12.3937123189814 0.0003795670994785258 11.679321902906656 0.000534157929652059 13.57004540280355 0.0010639706313147965 13.802362850040366 0.002344694073507393 11.829258770893944 0.0015332651462655964 15.783477483882765 0.0009651442476019692 13.222950217479985 0.00032531776335093947 9.376465073
2MASS_J18283572-4849046 T5.5 15.211503852042725 0.002027122087583499 15.000030463566873 0.0017630009125714288 15.038929539036241 0.0025395369751015453 17.171264574764333 0.0 16.173259370903168 0.00968036182423646 14.52977524794469 0.005460376217366326 18.27300301349744 0.0 15.498486856016203 0.0 11.37656428
2MASS_J21392676+0220226 T1.5 15.053260143840557 0.011072325860055741 14.18970534226396 0.012521027078600035 13.736957369798024 0.009491995136398451 15.899646940953861 0.009398600216782113 15.656139894993103 0.03527293212921363 13.657025623166703 0.028811620780759765 17.95653525838415 0.0 15.041544254993394 0.006319089992951594 9.852216749
2MASS_J21392676+0220226 T1.5 15.091630003838128 0.00029591541908078435 14.172296738144553 0.0004926254361562086 13.724314084028713 0.00036225502388462645 15.932921066254286 0.0019109254253995445 15.516280046859235 0.0023900109699202922 13.627633317377978 0.0009503547390898499 17.952609444308145 0.001025424512073054 15.046989097971057 0.00025293164073002814 9.852216749
2MASS_J21403907+3655563 M8 15.801634603556444 0.0029862941667624793 15.051011330609285 0.004222162195193911 14.46640463678721 0.0037757166324553135 15.704069060599572 0.0052876650577696116 15.967250963627972 0.009245351258214346 14.617991389993152 0.010398874449225583 17.377008329079512 0.007245720949203898 15.614257432900638 0.0022659845119292043 87.48906387
2MASS_J21481633+4003594 L6 14.152507601220709 0.0006496753875011569 12.807789097735267 0.00025962120544586185 11.73396478828626 0.00028984114587843226 14.0653591548939 0.0006691951624878427 14.641871977256333 0.0018539903177600414 11.899960576381405 0.0010632824346394362 16.877902694394024 0.0011058939148523511 13.793117551525958 0.000245136184548831 9.9
2MASS_J21513839-4853542 T4 15.664618287202401 0.0010049324573653626 15.290278611375705 0.002779762631467233 15.362932016572326 0.0021595743261123507 17.067515201086824 0.0075585576918503865 16.31493326037515 0.0047007585125066614 14.93963933470467 0.00420376500317742 18.90043711451512 0.0030084283594981635 15.858741258753327 0.0009420000175158875 16.66666667
2MASS_J21542494-1023022 T4.5 16.815964012254334 0.0019117278386074122 16.442277673463824 0.0033130301368123733 16.448463458421784 0.004904145411847267 18.177117440670127 0.008563017173749694 17.49542769026087 0.008315265754509919 16.014287111141872 0.009103453408691928 20.06647903493798 0.004890832542908532 17.00997656735722 0.0016481885565198665 26.88172043
2MASS_J22282889-4310262 T6 15.5565903053891 0.004316526436409369 15.465862601658888 9.999983354231854e-06 15.28853605757574 0.0 17.437552153312986 0.0 16.681447223044252 0.02030951562764726 14.593572018569322 0.01605665270896624 18.759671254616258 0.0 15.88322185205174 0.0 10.8577633
2MASS_J22425317+2542573 L3 14.774787890176784 0.0025093605770499165 13.791783545484073 0.0033548583828921976 13.035661163451039 0.013340749500671784 14.58710978761506 0.010338101662722527 15.186641613452414 0.006946719319082447 13.169729756567447 0.0399252742893741 17.05760343882879 0.007158942411652377 14.515647397042649 0.0019593848286633265 20.85505735
2MASS_J22425317+2542573 L3 14.775667303925948 0.0008610993954966474 13.795027594553133 0.0008191616719546823 13.031358924755116 0.0007171644525735446 14.648403892360538 0.0012731424508576174 15.07790742029118 0.002761178244984101 13.179288397927104 0.0020492157518179994 17.050443501893263 0.002386925907425142 14.518789171621467 0.0005475398310671819 20.85505735
2MASS_J23512200+3010540 L5.5 15.891982965965578 0.0012103091040290826 14.798608552582325 0.0011204778050133912 13.935875190193025 0.0009624524982802539 15.845423487396724 0.0021603407529529636 16.22899273570769 0.003374914272595691 14.061173677069146 0.0024798919093198617 18.288809004430473 0.0030492646237972043 15.62055489851954 0.000791077904120786 24.26006793
2MASSW_J1239272+551537 L5 14.656374258458538 0.0008249491535929877 13.582285731415862 0.000731964137347989 12.830213753950106 0.0007851994738954987 14.742156744565847 0.0017136971365633313 15.076616465130321 0.002955326190762124 12.978632710560728 0.002233761113247806 17.173614944942297 0.002290054523493729 14.43901086234151 0.0005351499415592847 23.58490566
2MASSW_J1507476-162738 L5 12.799413827801162 0.002397267832641347 11.91160162253018 0.004135858845869625 11.32534778794454 0.004332278012653951 12.900274716276583 0.0030360803497501134 13.125300625676532 0.007908108902438716 11.41816598475989 0.013212440505511144 15.059670610283895 0.0029920374798142837 12.622208720436667 0.001759572297413093 7.466587023
2MASSW_J1632291+190441 L8 15.838538330889646 0.00407100434873086 14.691690375844868 0.00360196828903798 13.94698356406559 0.0034459800394175464 15.951190386411687 0.011902638115836852 16.21881505275346 0.01272038330836077 13.976422844588747 0.006356847017382065 18.027426369790483 0.0 15.577572998928144 0.0026481648738868394 15.24390244
2MASSW_J1632291+190441 L8 15.846520753256865 0.0019098885960222387 14.704278735355816 0.0018663825038212679 13.924180644435381 0.0018095022335946499 15.817135657798572 0.002557280682771213 16.261248555741233 0.004695470642458833 13.963186491399346 0.0068777022098046705 18.153043639764793 0.0023873313073188803 15.564674750535755 0.001257158730331869 15.24390244
2MASSW_J1728114+394859 L7 15.951201787600384 0.001885832667391819 14.769990419711904 0.001768551459259698 13.930878734131047 0.0013294806768577219 15.92965491652338 0.0034951910523659748 16.354600250786763 0.006921711106495161 14.011400995848023 0.0033403961371927804 18.42978930919945 0.005166662032914756 15.65822781247605 0.0012387671302475582 25.83979328
2MASSW_J1728114+394859 L7 15.905064199726267 0.0017657053784027577 14.773133850076277 0.0016705211953363544 13.969840649565404 0.0011885310805272683 15.83497292079933 0.0033566151328697307 16.201462983038372 0.0048367179520541 14.058510539596181 0.003120645675634403 18.310145019597627 0.004317668656629402 15.613964473399646 0.00117034522110043 25.83979328
2MASSs_J0850359+105716 L6 16.435416475681897 0.00395238381064823 15.265304917041842 0.0038619965032803097 14.456843202344189 0.0021499751269658304 16.565024183436492 0.007188061601886942 16.788572213231664 0.011384910369243542 14.54652086117121 0.0057499839084758815 18.772935906763156 0.010739537581412781 16.176769007629698 0.0026558986888266948 33.22259136
2MASSs_J0850359+105716 L6 16.45024101362369 0.003927554682889194 15.271726925663797 0.0037249478347512856 14.43507375393946 0.002506409782865314 16.505987374915897 0.007690596333313965 16.76732901939683 0.012298165476322826 14.546847827234364 0.006614027013481764 18.7804417502528 0.011302277842616275 16.17173689296643 0.0026063615202246075 33.22259136
DENIS_J124514.1-442907 M9.5 14.547247890899005 0.001751280618741447 13.853352653982668 0.002733081278930302 13.281214187030733 0.001989211660383534 14.585968499845425 0.003503793658748481 14.728627760400721 0.004813366377741411 13.46011624911007 0.005819987938180267 16.633955042371078 0.0035405549697841666 14.420222174024778 0.0013953117203571307 78.98894155
GJ_1001B, L5 13.094222337602655 0.00022789412303862537 12.092876762320618 0.00025986698100379554 11.371866107472306 0.00019152127559809418 13.117372458931438 0.0010395632017534194 13.413527727446635 0.0004936581558130142 11.496778310447331 0.0003706852084773865 15.542979545806677 0.000810197640513454 12.875661709338498 0.00017073824408681974 12.98364061
Gl_337CD L8 15.578083830087813 0.0034309755198109653 14.562773148401089 0.0036964448539162477 14.0314959670139 0.0024843376802593134 15.879360757789769 0.007189021571670079 15.887907522035709 0.010961998642758815 14.029365180112944 0.006243083412471411 18.06090207694284 0.009457642884329574 15.396576862978893 0.0024224128044595407 20.36245164
Gl_337CD L8 15.576380533379009 0.0012407394488884423 14.562427822812847 0.0012458451588969115 14.033652587817077 0.0012225041001268657 15.816191227718296 0.0027265505536789663 15.979968635236151 0.004305071772031353 14.0090476565239 0.0029620103729392755 17.896702245207948 0.0030261992923218952 15.39840474336014 0.0008529243895841818 20.36245164
Gl_584C L8 16.134018744939116 0.0031873257686739955 14.960427277602495 0.003007931987706018 14.22777619937478 0.0020254549420311405 16.19978033533037 0.006021998315235531 16.380245418438122 0.00894838499116377 14.260857100055844 0.005291392065003495 18.490536557283598 0.00747027711569775 15.856089231273842 0.002095766353589811 17.86352269
Gliese_417BC L4.5 14.576057755879061 0.0006562826632028573 13.501434530054944 0.0006481872955579073 12.726462241115698 0.00048571542966577486 14.623716903867356 0.001200806127755973 14.986344742224485 0.0022267872009549506 12.886770962077874 0.0014307862906602924 17.07788883833122 0.001738363440708769 14.349659433924543 0.0004433824278844121 21.92501644
Gliese_570D T7 15.199954274518287 0.0037543443660826487 15.123050776955246 0.007130870262721084 15.469355457816906 0.0 18.125720640395002 0.0 16.788603276416097 0.018486865747248813 14.727752584719285 0.012660482117774473 18.388818429434224 0.0 15.584261063534706 0.0 5.840439201
HD_89744B L0 14.860886545881367 0.0006341213974243442 14.101677828053894 0.0008124793345231133 13.563820402503781 0.0007137794178901398 14.79897065929345 0.0010887658608430548 15.18789212759163 0.002030679409889377 13.72512045421794 0.0020347788493801497 16.915543607648132 0.0013625746257230052 14.69861004014814 0.00046735383494664047 39.43217666
HN_Peg T2.5 16.022896849372426 0.0 15.282335080786156 0.0 15.053782851311812 0.0 17.20885809119296 0.0 16.540484626523117 0.0 14.840353761337044 0.0 18.848663430745482 0.0 16.082941979028817 0.0 17.88588803
LHS_2924 M9 11.965467665296838 0.00010207210810725218 11.260736341202254 3.17681748811233e-05 10.731858654373472 0.00018600905228644083 11.868744225003988 0.0005004790628496251 12.10373305993335 0.0001292468728790986 10.882971051681098 0.0005583066084163366 13.912765528643675 0.0003216832645243403 11.796022430487174 3.0261755421545708e-05 11.01321586
LHS_3566 M6 11.37224644502525 0.0009376498490112166 10.755106553537479 0.0010106230081684683 10.33911670409882 0.0014748815041665515 11.199913802281143 0.001597172017106607 11.594227434054133 0.0028983830853673846 10.456008719372836 0.004562760479124965 12.759798050541267 0.0013354899191875026 11.199495919149587 0.0006303629065880325 17.46419839
LP_944-20 M9 10.73768949550992 0.00011864436197850237 10.035895643019725 0.0001158421944494098 9.51569928984445 0.00012383625307585769 10.715480106307304 0.0005827389033725134 11.052634988326231 0.0006017588380249909 9.680025775967792 0.00027491444306198393 12.721563792052288 0.000316220158556188 10.599848235713637 8.436990695945862e-05 6.414779652
LP_944-20 M9 10.688185282732634 0.0006220204361139933 10.041192523161984 0.0002972343019920601 9.559670547484698 0.0004973591221494176 10.918192966595232 0.0011288693787852768 10.811042951181092 0.0016766764449737772 9.70481872908562 0.001672696675974983 12.618862115050336 0.001109729331225267 10.60367451603665 0.00025928100162854613 6.414779652
SDSS_J000013.54+255418.6 T4.5 15.096757293766967 0.0006091911910163409 14.710320770085254 0.0 14.82210748071749 0.0 16.814439949442914 0.0038248299322401766 15.774575649776924 0.002117769814003462 14.360792253506906 0.0014387307478460724 18.041956529213483 0.0013759998021966033 15.307164737913638 0.0 14.12429379
SDSS_J015141.69+124429.6 T1 16.507941280644875 0.0011032977388440082 15.566894279414768 0.00125585902006817 15.271351380298325 9.999709883712596e-06 16.943410760035658 0.005395317345517569 16.75236853312849 0.002692880801646788 15.17124117647499 0.0020276324020975906 18.9320052629862 0.0 16.37620411728761 0.0008179182433516101 21.39952921
SDSS_J020742.48+000056.2 T4.5 16.377736213644187 0.005009372496764217 15.98699075419699 0.009960106229795136 15.946108089294402 0.010104644107105803 17.91528296299405 0.0239938959075874 17.00028644214515 0.016801181486734425 15.569670669592359 0.025015999706376284 19.56141355787754 0.00665115509870498 16.572756804943506 0.00445926649077452 34.12969283
SDSS_J032553.17+042540.1 T5.5 16.362857425376546 0.0 16.12079669817668 0.00034150028703532233 16.35131555702079 0.0 18.244813999606198 0.002045845659686287 17.29613649311267 0.016717323573740565 15.853340752561586 0.0029868439732907786 19.51212785735195 0.0017109286349270023 16.647876137930325 0.0 17.98561151
SDSS_J074201.41+205520.5 T5 15.754511883904524 0.0013451777936319136 15.558367309605343 0.0027495119326311993 15.741783158125424 0.003919985852821154 17.77285766411694 0.009375066443133682 16.557725604036648 0.006230812580870075 15.22302142817258 0.006921540355918749 18.700608901824513 0.003100986789256875 16.042121086013875 0.0012018433752508096 15.03759398
SDSS_J083048.80+012831.1 T4.5 16.394402326687114 0.0015408908217410518 16.12264565317829 0.002952402777162088 16.260257754932155 0.004574268074825615 18.36278438725642 0.010330678804001141 17.142389455076824 0.006697432050487019 15.787740412962638 0.008720365396172285 19.463581720220816 0.0034731863142358236 16.65662630858176 0.0013584362757184314 23.20185615
SDSS_J103026.78+021306.4 L9.5 16.928589045286824 0.0035374357090486664 15.894887877757231 0.0036487037849824394 15.268107718781547 0.0033193031438490564 17.114904895259055 0.007580580144655033 17.33225258928848 0.011159025575448749 15.312300416988851 0.008269458950082745 19.296304747102656 0.008886052769099182 16.73740048121813 0.002460389516674081 40.32258065
SDSS_J104335.08+121314.1 L9 16.030962362410644 0.0026196479753065154 14.926754960475392 0.0027517471741743847 14.264912561159733 0.002102997074621147 16.172028428258884 0.005744604158268464 16.392588574766766 0.007320460186468063 14.28202390916863 0.00519177516509644 18.37716644774762 0.006250377083680861 15.79518861864333 0.0018451675728372527 14.59854015
SDSS_J104335.08+121314.1 L7 16.06023907463283 0.0015016626551185483 14.919524321213473 0.0013486861286923827 14.241117711206726 0.001194069132855652 16.240154950378813 0.0033115997122232215 16.29773083952896 0.004689348238748246 14.245168051183008 0.0030053514170617734 18.42924710349234 0.004028646421759062 15.816762919286557 0.0009753813971745267 14.59854015
SDSS_J104409.43+042937.6 L7 15.9847484350965 0.0015879618583231326 14.893033178197241 0.0015438015554946533 14.204274795093925 0.0013600863168129029 16.088768445274972 0.0031292090398497433 16.363307591413243 0.004922902663262065 14.248052377867745 0.003494848893211615 18.29077587191444 0.003867299467920435 15.748140750630377 0.0010638643742714915 19.49317739
SDSS_J104842.84+011158.5 L1 12.91336689091509 0.0010493391284599387 12.171241649494768 0.0010815790486131355 11.601677730732652 0.0008813256430274636 12.921760306869054 0.0017464600313793863 13.238214030422498 0.0037867355467908377 11.74430824834545 0.0024750028144359636 14.991594639929279 0.0026598738550907297 12.772250418667772 0.0007086680388412508 13.90820584
SDSS_J115553.86+055957.5 L7.5 15.737005204962776 0.0015896352961154543 14.69806400170668 0.0015864243298183117 14.040415977318341 0.0013336875245612049 15.908572092502807 0.003611428146272203 15.969989121756171 0.0049164149562753315 14.091963547741246 0.00346731708101137 18.03278562083139 0.004154024300049969 15.526310371099626 0.0010905624363431485 17.27115717
SDSS_J120747.17+024424.8 L8 15.47476442366535 0.0011113696422703156 14.54679134975901 0.0011767230769263507 14.094776859400593 0.0012318649870801117 15.928968095483434 0.0030354288745953694 15.726170914142912 0.0035749238500616346 14.074877460244027 0.0030167990209511836 17.825153315049654 0.002647630937180377 15.35810921355055 0.0007918734813691747 22.47191011
SDSS_J133148.92-011651.4 L6 15.391692883099973 0.003610241727050023 14.564704912624295 0.002459493428799678 14.044374364071919 0.002012027739415432 15.886619048462517 0.007210811292436204 15.622351858976256 0.015161799493909705 14.12332794326814 0.005429161112882459 17.947889506147277 0.01641564000014864 15.315218239121393 0.0019973275634826444 14.85884101
SDSS_J133148.92-011651.4 L6 15.408316890688775 0.0022442975061536994 14.556946557454015 0.0027801218174166903 14.036803285508253 0.002273020910830299 15.886974124838764 0.0057364801869883054 15.80373939989281 0.007190093940877239 14.121821093684474 0.005741930589172097 17.663520938362712 0.005910137175999214 15.333376371524686 0.0017193711802304312 14.85884101
SDSS_J141659.78+500626.4 L5.5 17.028727985732914 0.003527231261503464 16.048721010167526 0.001663558201098495 15.400747747090415 0.01243658741296242 17.191272471524893 0.005272426285302022 17.213987155774205 0.021439422577422627 15.480922452004034 0.037029437106875174 19.5892762897057 0.0013978864797520602 16.831159077512808 0.0014503531441242585 45.66210046
SDSS_J151114.66+060742.9 T0 15.901691313218006 0.0012442188945425937 15.13355030068979 0.001892615507592128 14.454865739613954 0.0008887983884068565 16.281510438130958 0.0010162104277317316 16.24269794921179 0.004641387471028734 14.508049905496573 0.011939512249603598 18.367285419180426 0.0021684277819960076 15.825198512389838 0.0007287384281141741 27.2479564
SDSS_J151114.66+060742.9 T0 15.98811548044427 0.004431886468027752 15.097121999437487 0.005714230068118237 14.411974751413915 0.0034756683520634447 16.319012011095346 0.010430995798535176 16.458642142304384 0.013671394041972526 14.430370807479827 0.008710318078196602 18.765207798572558 0.011135834895962633 15.872260893925269 0.0034076330680653973 27.2479564
SDSS_J152103.24+013142.7 T2 16.28610362562028 0.002796049991788103 15.575603897462887 0.00392019584797739 15.449615443575626 0.004770207483230324 17.262563417086152 0.009621639414169388 16.814040103586713 0.009828068494650085 15.193910930417495 0.00967782929380245 19.346105213857715 0.006797940699668885 16.32128547959248 0.0022449836940202457 24.21307506
SDSS_J175805.46+463311.9 T6.5 16.09322386438277 0.0 15.906141725182398 0.0023607853515225873 15.772037571989827 0.0 17.989658907445325 0.019402095912350006 17.468233351082606 0.0 15.108994140608022 0.005274489368494813 19.34523946991953 0.002099837469339033 16.40633695051878 0.0 14.08649106
SDSS_J202820.32+005226.5 L3 14.290999451741264 0.0003723553990080359 13.414315812949315 0.0003472987229647549 12.761562781472296 0.00032259170771394095 14.316737183652538 0.000809241427629702 14.472151787966931 0.0024377927941898777 12.900969730531898 0.0010753247358984918 16.49320118663112 0.0008325473214204317 14.100711503523947 0.00024027321085557654 30.07518797
SDSS_J204749.61-071818.3 T0 16.809528518486417 0.0029762451986351042 15.763293069082733 0.003006372626288272 15.22679071068497 0.002858385478405744 17.072700262431702 0.0061922178626369045 17.09389075963034 0.00882743174686717 15.221045027472169 0.006866157719724675 19.116852833785135 0.007051004300668196 16.614178352227327 0.0020393311884328662 30.12048193
SDSSp_J003259.36+141036.6 L8 16.770091774848996 0.0036408636068497218 15.651858501799826 0.0036997631683130788 14.999100135090472 0.0029596209379462476 16.921670931070246 0.00811110069089306 17.122136443088525 0.010757257697695512 15.00165967739325 0.007060721627308491 19.226597082421954 0.009213546597351295 16.529481267609643 0.002526618583396579 33.17850033
SDSSp_J003259.36+141036.6 L8 16.701889242515865 0.0027398802408062123 15.67488401344448 0.00256512173095712 15.035803232652427 0.002239222375902369 16.99801329469571 0.005469945685259868 17.088508403654888 0.008950249157347217 15.048710147247387 0.005389009562717867 18.92789254537665 0.006495872842524476 16.523714876445045 0.001801022822486255 33.17850033
SDSSp_J010752.33+004156.1 L8 15.874821564392885 0.0028175725696498967 14.560579915782787 0.0025023961515703813 13.602202646623503 0.0016142543611717462 15.729187972282212 0.004696831565279687 16.25303866113773 0.008473841575001086 13.686487477562878 0.0042053663689147645 18.263914340455408 0.006735583083694935 15.503832183054627 0.0017905962358656297 15.59332606
SDSSp_J010752.33+004156.1 L8 15.842174753357103 0.0013531498205270347 14.568732650862353 0.001160525162631342 13.629597290787995 0.0007982717663141694 15.700203638814592 0.002526131630768378 16.27167558638699 0.004380591080082358 13.71828787648764 0.002051547621701976 18.3564841342272 0.0030658463368398157 15.491221550031419 0.0008495219961286792 15.59332606
SDSSp_J053951.99-005902.0 L5 13.983764037879421 0.0005071492189394837 13.117679196788512 0.0005286340354511476 12.560837730550134 0.0004725661972852943 14.137157242913483 0.0011063620662191593 14.331642109614279 0.0016944855602579 12.655428111200083 0.001336561410592134 16.247243645444872 0.0012353542388391166 13.841231201505668 0.0003553111517595195 13.13715187
SDSSp_J083008.12+482847.4 L8 15.481843181624404 0.0022301930562384723 14.319489464331019 0.0013321006188747506 13.660639244227891 0.0011198540256774515 15.892540332867577 0.004297912750156939 15.919618376826126 0.008060144657898668 13.6892538085503 0.0033363365358039534 17.92978248016948 0.005638166159089806 15.27503101370808 0.0011165545727306343 13.08557969
SDSSp_J083008.12+482847.4 L8 15.42226987055316 0.0012188871987929841 14.329963364471512 0.0013096243164151678 13.709936847313715 0.0009280155717336073 15.914167301916947 0.0034070640862270954 15.855672730761619 0.003739709929903975 13.72178872833647 0.0023500474689606876 17.68770611861011 0.0024982070038178047 15.26100814777061 0.000880461029552136 13.08557969
SDSSp_J083717.22-000018.3 T0 16.959026224947063 0.005919257110537379 16.08135008327978 0.007514402274599877 15.709031119957173 0.005871421559051008 17.54036357881302 0.017982356860154678 17.323225688075066 0.02405345456590927 15.70904305602167 0.019799260368415644 19.565657915391814 0.007988353738634074 16.8837013257628 0.004451244462027184 29.6735905
SDSSp_J083717.22-000018.3 T0 16.969125324575465 0.004476680974558319 16.067698664329832 0.004469620621874295 15.714710899120139 0.0 17.690278526252836 0.01387108917898636 17.438549764058273 0.015552124777115189 15.62411173638269 0.007025056890473452 19.42780953118902 0.010010957178275883 16.9118608483904 0.0031157816957657425 29.6735905
SDSSp_J125453.90-012247.4 T2 14.923984634863864 0.0012201910958710754 14.069302247938163 0.0012674977283926641 13.823932610245278 0.0008044595561438591 15.861845476247222 0.0043770476815549715 15.511389867374215 0.005120367915115883 13.656432680556769 0.001969656666166296 17.682574384840986 0.0 14.919540366347114 0.000865049466593819 11.77856302
SDSSp_J132629.82-003831.5 L8 16.22837836162748 0.0022656890889086847 15.0170634657679 0.0019260436342854663 14.102581448335199 0.0012072560556347968 16.104151123755777 0.003778283659268497 16.492634532343654 0.00471434134237942 14.213758023341786 0.0034704982005799695 18.590106805590658 0.00449967313061948 15.90094437020455 0.00138884244391896 20.0080032
SDSSp_J162414.37+002915.6 T6 15.551853739705091 0.005292766737478254 15.418850424758228 0.008827553036186271 15.558047751213476 0.0 17.619796769560352 0.0 16.47095239898558 0.013454682730909563 14.95460795457692 0.02026923015535786 18.519057306571362 0.0 15.86377429848511 0.0 11.00110011
SDSSp_J162414.37+002915.6 T6 15.520358491872695 0.0009032701464051855 15.416778899379537 0.0016404793547042458 15.590911925622583 0.0 17.67733588662054 0.01070940629515748 16.472770602725824 0.004393655752703971 15.004025088067845 0.0022191035468719393 18.634767943266827 0.0 15.852933399250864 0.0007919699717048123 11.00110011
SDSSp_J175032.96+175903.9 T3.5 16.202409579924677 0.0011446271864538878 15.681989542912495 0.0020799822360233395 15.795115140317568 9.999933324765137e-06 17.474703643108555 0.00783683418047859 16.70386114042075 0.005955479189415405 15.458406866575878 0.005542141829668492 18.924546566029182 0.0 16.32285964877978 0.0009932730517709747 27.59381898
VB_10 M8 9.876317922521716 0.00042149703067802995 9.256489993730249 4.2577754992663774e-05 8.765302108749898 0.00029593946341110035 9.855420593359941 0.0002954193606720788 10.144577489009585 0.002547775583556303 8.903435283774835 0.001139468178355834 11.54323663023153 0.0005904828250726823 9.746378028025068 0.00010743574637990277 5.947071067
VB_8 M7 9.775788200259688 0.00026240440080221774 9.202510431140086 0.00012375532441389597 8.814699518291494 0.00020214660717855206 9.791851353356243 0.00026806986863439565 10.031690715402306 0.0017576443232520781 8.941536581275116 0.0006070960506423976 11.196434712111131 0.00031217789633502326 9.666790484843965 0.00010571096330883707 6.484243289
Wolf_359 M6 7.107828960572769 0.0006184506228187358 6.486189886701946 0.0001490043608649926 6.056383088849127 0.0003150810478540404 6.895949969247223 0.0003649617325027103 7.34968717329929 0.002323302975531589 6.17448230053645 0.0007602739289591131 8.55336076399563 0.0008317196846603776 6.924772830709173 0.00013380387579339412 2.420545591
